0.2132,0.2132,0.2132,0.2132,0.2132,0.2132,0.2132,0.2132,0.2132,0.2132,0.2132,0.2132,0.2132,0.2132,0.2132,0.2132,0.2132,0.2132,0.2132,0.2132,0.2132,0.2132
0.2132,0.2132,0.2132,0.2132,0.2132,0.2132,0.2132,0.2132,0.2132,0.2132,0.2132,0.2132,0.2132,0.2132,0.2132,0.2132,0.2132,0.2132,0.2132,0.2132,0.2132,0.2132
0.1564,0.162,0.1697,0.1791,0.2074,0.2183,0.2288,0.2384,0.2467,0.2512,0.2535,0.2535,0.2512,0.2467,0.2384,0.2288,0.2183,0.2074,0.1791,0.1697,0.162,0.1564
0.1564,0.162,0.1697,0.1791,0.2074,0.2183,0.2288,0.2384,0.2467,0.2512,0.2535,0.2535,0.2512,0.2467,0.2384,0.2288,0.2183,0.2074,0.1791,0.1697,0.162,0.1564
0.1564,0.162,0.1697,0.1791,0.2074,0.2183,0.2288,0.2384,0.2467,0.2512,0.2535,0.2535,0.2512,0.2467,0.2384,0.2288,0.2183,0.2074,0.1791,0.1697,0.162,0.1564
0.1239,0.1344,0.1618,0.1744,0.2044,0.2207,0.2361,0.2483,0.2586,0.2646,0.2675,0.267,0.2631,0.2565,0.2457,0.2312,0.2154,0.2011,0.1713,0.1428,0.1304,0.1398
0.1159,0.1265,0.1404,0.1696,0.2002,0.2181,0.2352,0.2506,0.2623,0.2695,0.2733,0.2733,0.2695,0.2623,0.2506,0.2352,0.2181,0.2002,0.1696,0.1404,0.1265,0.1159
0.1159,0.1265,0.1404,0.1696,0.2002,0.2181,0.2352,0.2506,0.2623,0.2695,0.2733,0.2733,0.2695,0.2623,0.2506,0.2352,0.2181,0.2002,0.1696,0.1404,0.1265,0.1159
0.1317,0.1573,0.1665,0.1776,0.2068,0.2215,0.2335,0.2443,0.2534,0.2586,0.2609,0.2603,0.2571,0.2513,0.2416,0.2284,0.2161,0.2035,0.1745,0.1466,0.1536,0.1479
0.1317,0.1573,0.1665,0.1776,0.2068,0.2215,0.2335,0.2443,0.2534,0.2586,0.2609,0.2603,0.2571,0.2513,0.2416,0.2284,0.2161,0.2035,0.1745,0.1466,0.1536,0.1479
0.1645,0.1724,0.182,0.1925,0.2221,0.2327,0.2424,0.2506,0.2542,0.2561,0.2557,0.2529,0.2238,0.2386,0.2289,0.2184,0.1816,0.2001,0.1724,0.1649,0.1596,0.1596
0.1564,0.162,0.1697,0.1791,0.2074,0.2183,0.2288,0.2384,0.2467,0.2512,0.2535,0.2535,0.2512,0.2467,0.2384,0.2288,0.2183,0.2074,0.1791,0.1697,0.162,0.1564
0.1159,0.1265,0.1404,0.1696,0.2002,0.2181,0.2352,0.2506,0.2623,0.2695,0.2733,0.2733,0.2695,0.2623,0.2506,0.2352,0.2181,0.2002,0.1696,0.1404,0.1265,0.1159
0.1564,0.162,0.1697,0.1791,0.2074,0.2183,0.2288,0.2384,0.2467,0.2512,0.2535,0.2535,0.2512,0.2467,0.2384,0.2288,0.2183,0.2074,0.1791,0.1697,0.162,0.1564
0.1848,0.2095,0.2113,0.2134,0.2155,0.2199,0.2215,0.2228,0.2237,0.2242,0.2237,0.2228,0.2215,0.2199,0.2155,0.2134,0.2113,0.2095,0.1848,0.2049,0.2047,0.2049
0.1159,0.1265,0.1404,0.1696,0.2002,0.2181,0.2352,0.2506,0.2623,0.2695,0.2733,0.2733,0.2695,0.2623,0.2506,0.2352,0.2181,0.2002,0.1696,0.1404,0.1265,0.1159
0.1863,0.1666,0.1722,0.1794,0.2064,0.2126,0.2213,0.2296,0.2369,0.2408,0.2436,0.2446,0.2436,0.2408,0.2369,0.2296,0.2213,0.2126,0.2064,0.1794,0.1722,0.1666
0.1159,0.1265,0.1404,0.1696,0.2002,0.2181,0.2352,0.2506,0.2623,0.2695,0.2733,0.2733,0.2695,0.2623,0.2506,0.2352,0.2181,0.2002,0.1696,0.1404,0.1265,0.1159
0.1159,0.1265,0.1404,0.1696,0.2002,0.2181,0.2352,0.2506,0.2623,0.2695,0.2733,0.2733,0.2695,0.2623,0.2506,0.2352,0.2181,0.2002,0.1696,0.1404,0.1265,0.1159
0.0788,0.1044,0.1324,0.1625,0.1941,0.2176,0.2386,0.2563,0.27,0.2789,0.2835,0.2835,0.2789,0.27,0.2563,0.2386,0.2176,0.1941,0.1625,0.1324,0.1044,0.0788
0.1398,0.1304,0.1428,0.1713,0.2011,0.2154,0.2312,0.2457,0.2565,0.2631,0.267,0.2675,0.2646,0.2586,0.2483,0.2361,0.2207,0.2044,0.1744,0.1618,0.1344,0.1239
0.1564,0.162,0.1697,0.1791,0.2074,0.2183,0.2288,0.2384,0.2467,0.2512,0.2535,0.2535,0.2512,0.2467,0.2384,0.2288,0.2183,0.2074,0.1791,0.1697,0.162,0.1564
0.2132,0.2132,0.2132,0.2132,0.2132,0.2132,0.2132,0.2132,0.2132,0.2132,0.2132,0.2132,0.2132,0.2132,0.2132,0.2132,0.2132,0.2132,0.2132,0.2132,0.2132,0.2132
0.1159,0.1265,0.1404,0.1696,0.2002,0.2181,0.2352,0.2506,0.2623,0.2695,0.2733,0.2733,0.2695,0.2623,0.2506,0.2352,0.2181,0.2002,0.1696,0.1404,0.1265,0.1159
0.1564,0.162,0.1697,0.1791,0.2074,0.2183,0.2288,0.2384,0.2467,0.2512,0.2535,0.2535,0.2512,0.2467,0.2384,0.2288,0.2183,0.2074,0.1791,0.1697,0.162,0.1564
0.1159,0.1265,0.1404,0.1696,0.2002,0.2181,0.2352,0.2506,0.2623,0.2695,0.2733,0.2733,0.2695,0.2623,0.2506,0.2352,0.2181,0.2002,0.1696,0.1404,0.1265,0.1159
0.2132,0.2132,0.2132,0.2132,0.2132,0.2132,0.2132,0.2132,0.2132,0.2132,0.2132,0.2132,0.2132,0.2132,0.2132,0.2132,0.2132,0.2132,0.2132,0.2132,0.2132,0.2132
0.2132,0.2132,0.2132,0.2132,0.2132,0.2132,0.2132,0.2132,0.2132,0.2132,0.2132,0.2132,0.2132,0.2132,0.2132,0.2132,0.2132,0.2132,0.2132,0.2132,0.2132,0.2132
0.1958,0.1958,0.1762,0.1814,0.2071,0.2111,0.2153,0.2219,0.2279,0.2308,0.233,0.2345,0.2345,0.233,0.2308,0.2279,0.2219,0.2153,0.2111,0.2071,0.1814,0.1762
0.1564,0.162,0.1697,0.1791,0.2074,0.2183,0.2288,0.2384,0.2467,0.2512,0.2535,0.2535,0.2512,0.2467,0.2384,0.2288,0.2183,0.2074,0.1791,0.1697,0.162,0.1564
0.1848,0.2095,0.2113,0.2134,0.2155,0.2199,0.2215,0.2228,0.2237,0.2242,0.2237,0.2228,0.2215,0.2199,0.2155,0.2134,0.2113,0.2095,0.1848,0.2049,0.2047,0.2049
0.2132,0.2132,0.2132,0.2132,0.2132,0.2132,0.2132,0.2132,0.2132,0.2132,0.2132,0.2132,0.2132,0.2132,0.2132,0.2132,0.2132,0.2132,0.2132,0.2132,0.2132,0.2132
0.1666,0.1722,0.1794,0.2064,0.2126,0.2213,0.2296,0.2369,0.2408,0.2436,0.2446,0.2436,0.2408,0.2369,0.2296,0.2213,0.2126,0.2064,0.1794,0.1722,0.1666,0.1863
0.1564,0.162,0.1697,0.1791,0.2074,0.2183,0.2288,0.2384,0.2467,0.2512,0.2535,0.2535,0.2512,0.2467,0.2384,0.2288,0.2183,0.2074,0.1791,0.1697,0.162,0.1564
0.1564,0.162,0.1697,0.1791,0.2074,0.2183,0.2288,0.2384,0.2467,0.2512,0.2535,0.2535,0.2512,0.2467,0.2384,0.2288,0.2183,0.2074,0.1791,0.1697,0.162,0.1564
0.1564,0.162,0.1697,0.1791,0.2074,0.2183,0.2288,0.2384,0.2467,0.2512,0.2535,0.2535,0.2512,0.2467,0.2384,0.2288,0.2183,0.2074,0.1791,0.1697,0.162,0.1564
0.1159,0.1265,0.1404,0.1696,0.2002,0.2181,0.2352,0.2506,0.2623,0.2695,0.2733,0.2733,0.2695,0.2623,0.2506,0.2352,0.2181,0.2002,0.1696,0.1404,0.1265,0.1159
0.0737,0.0978,0.1242,0.1528,0.1831,0.2061,0.2269,0.245,0.2596,0.2701,0.2765,0.2788,0.2784,0.2725,0.2617,0.2465,0.2415,0.209,0.1772,0.1466,0.1179,0.1179
0.2132,0.2132,0.2132,0.2132,0.2132,0.2132,0.2132,0.2132,0.2132,0.2132,0.2132,0.2132,0.2132,0.2132,0.2132,0.2132,0.2132,0.2132,0.2132,0.2132,0.2132,0.2132
0.1159,0.1265,0.1404,0.1696,0.2002,0.2181,0.2352,0.2506,0.2623,0.2695,0.2733,0.2733,0.2695,0.2623,0.2506,0.2352,0.2181,0.2002,0.1696,0.1404,0.1265,0.1159
0.0788,0.1044,0.1324,0.1625,0.1941,0.2176,0.2386,0.2563,0.27,0.2789,0.2835,0.2835,0.2789,0.27,0.2563,0.2386,0.2176,0.1941,0.1625,0.1324,0.1044,0.0788
0.1564,0.162,0.1697,0.1791,0.2074,0.2183,0.2288,0.2384,0.2467,0.2512,0.2535,0.2535,0.2512,0.2467,0.2384,0.2288,0.2183,0.2074,0.1791,0.1697,0.162,0.1564
0.1159,0.1265,0.1404,0.1696,0.2002,0.2181,0.2352,0.2506,0.2623,0.2695,0.2733,0.2733,0.2695,0.2623,0.2506,0.2352,0.2181,0.2002,0.1696,0.1404,0.1265,0.1159
0.2049,0.2047,0.2049,0.1848,0.2095,0.2113,0.2134,0.2155,0.2199,0.2215,0.2228,0.2237,0.2242,0.2237,0.2228,0.2215,0.2199,0.2155,0.2134,0.2113,0.2095,0.1848
0.1564,0.162,0.1697,0.1791,0.2074,0.2183,0.2288,0.2384,0.2467,0.2512,0.2535,0.2535,0.2512,0.2467,0.2384,0.2288,0.2183,0.2074,0.1791,0.1697,0.162,0.1564
0.1159,0.1265,0.1404,0.1696,0.2002,0.2181,0.2352,0.2506,0.2623,0.2695,0.2733,0.2733,0.2695,0.2623,0.2506,0.2352,0.2181,0.2002,0.1696,0.1404,0.1265,0.1159
0.092,0.1067,0.1345,0.1644,0.1958,0.2175,0.2379,0.2551,0.2682,0.2767,0.2811,0.2811,0.2767,0.2682,0.2551,0.2379,0.2175,0.1958,0.1644,0.1345,0.1067,0.092
0.1762,0.1814,0.2071,0.2111,0.2153,0.2219,0.2279,0.2308,0.233,0.2345,0.2345,0.233,0.2308,0.2279,0.2219,0.2153,0.2111,0.2071,0.1814,0.1762,0.1958,0.1958
0.2535,0.2512,0.2467,0.2384,0.2288,0.2183,0.2074,0.1791,0.1697,0.162,0.1564,0.1564,0.162,0.1697,0.1791,0.2074,0.2183,0.2288,0.2384,0.2467,0.2512,0.2535
0.1564,0.162,0.1697,0.1791,0.2074,0.2183,0.2288,0.2384,0.2467,0.2512,0.2535,0.2535,0.2512,0.2467,0.2384,0.2288,0.2183,0.2074,0.1791,0.1697,0.162,0.1564
0.1159,0.1265,0.1404,0.1696,0.2002,0.2181,0.2352,0.2506,0.2623,0.2695,0.2733,0.2733,0.2695,0.2623,0.2506,0.2352,0.2181,0.2002,0.1696,0.1404,0.1265,0.1159
0.1564,0.162,0.1697,0.1791,0.2074,0.2183,0.2288,0.2384,0.2467,0.2512,0.2535,0.2535,0.2512,0.2467,0.2384,0.2288,0.2183,0.2074,0.1791,0.1697,0.162,0.1564
0.0974,0.123,0.1379,0.1675,0.1986,0.2192,0.2372,0.2535,0.2658,0.2735,0.2774,0.2773,0.273,0.265,0.2525,0.2361,0.2165,0.1974,0.1664,0.137,0.1094,0.1098
0.1159,0.1265,0.1404,0.1696,0.2002,0.2181,0.2352,0.2506,0.2623,0.2695,0.2733,0.2733,0.2695,0.2623,0.2506,0.2352,0.2181,0.2002,0.1696,0.1404,0.1265,0.1159
0.1398,0.1304,0.1428,0.1713,0.2011,0.2154,0.2312,0.2457,0.2565,0.2631,0.267,0.2675,0.2646,0.2586,0.2483,0.2361,0.2207,0.2044,0.1744,0.1618,0.1344,0.1239
0.1564,0.162,0.1697,0.1791,0.2074,0.2183,0.2288,0.2384,0.2467,0.2512,0.2535,0.2535,0.2512,0.2467,0.2384,0.2288,0.2183,0.2074,0.1791,0.1697,0.162,0.1564
0.1159,0.1265,0.1404,0.1696,0.2002,0.2181,0.2352,0.2506,0.2623,0.2695,0.2733,0.2733,0.2695,0.2623,0.2506,0.2352,0.2181,0.2002,0.1696,0.1404,0.1265,0.1159
0.1159,0.1265,0.1404,0.1696,0.2002,0.2181,0.2352,0.2506,0.2623,0.2695,0.2733,0.2733,0.2695,0.2623,0.2506,0.2352,0.2181,0.2002,0.1696,0.1404,0.1265,0.1159
0.1159,0.1265,0.1404,0.1696,0.2002,0.2181,0.2352,0.2506,0.2623,0.2695,0.2733,0.2733,0.2695,0.2623,0.2506,0.2352,0.2181,0.2002,0.1696,0.1404,0.1265,0.1159
0.1159,0.1265,0.1404,0.1696,0.2002,0.2181,0.2352,0.2506,0.2623,0.2695,0.2733,0.2733,0.2695,0.2623,0.2506,0.2352,0.2181,0.2002,0.1696,0.1404,0.1265,0.1159
0.1159,0.1265,0.1404,0.1696,0.2002,0.2181,0.2352,0.2506,0.2623,0.2695,0.2733,0.2733,0.2695,0.2623,0.2506,0.2352,0.2181,0.2002,0.1696,0.1404,0.1265,0.1159
0.092,0.1067,0.1345,0.1644,0.1958,0.2175,0.2379,0.2551,0.2682,0.2767,0.2811,0.2811,0.2767,0.2682,0.2551,0.2379,0.2175,0.1958,0.1644,0.1345,0.1067,0.092
0.1564,0.162,0.1697,0.1791,0.2074,0.2183,0.2288,0.2384,0.2467,0.2512,0.2535,0.2535,0.2512,0.2467,0.2384,0.2288,0.2183,0.2074,0.1791,0.1697,0.162,0.1564
0.1863,0.1666,0.1722,0.1794,0.2064,0.2126,0.2213,0.2296,0.2369,0.2408,0.2436,0.2446,0.2436,0.2408,0.2369,0.2296,0.2213,0.2126,0.2064,0.1794,0.1722,0.1666
0.1564,0.162,0.1697,0.1791,0.2074,0.2183,0.2288,0.2384,0.2467,0.2512,0.2535,0.2535,0.2512,0.2467,0.2384,0.2288,0.2183,0.2074,0.1791,0.1697,0.162,0.1564
0.1159,0.1265,0.1404,0.1696,0.2002,0.2181,0.2352,0.2506,0.2623,0.2695,0.2733,0.2733,0.2695,0.2623,0.2506,0.2352,0.2181,0.2002,0.1696,0.1404,0.1265,0.1159
0.092,0.1067,0.1345,0.1644,0.1958,0.2175,0.2379,0.2551,0.2682,0.2767,0.2811,0.2811,0.2767,0.2682,0.2551,0.2379,0.2175,0.1958,0.1644,0.1345,0.1067,0.092
0.1398,0.1304,0.1428,0.1713,0.2011,0.2154,0.2312,0.2457,0.2565,0.2631,0.267,0.2675,0.2646,0.2586,0.2483,0.2361,0.2207,0.2044,0.1744,0.1618,0.1344,0.1239
0.1564,0.162,0.1697,0.1791,0.2074,0.2183,0.2288,0.2384,0.2467,0.2512,0.2535,0.2535,0.2512,0.2467,0.2384,0.2288,0.2183,0.2074,0.1791,0.1697,0.162,0.1564
0.092,0.1067,0.1345,0.1644,0.1958,0.2175,0.2379,0.2551,0.2682,0.2767,0.2811,0.2811,0.2767,0.2682,0.2551,0.2379,0.2175,0.1958,0.1644,0.1345,0.1067,0.092
0.1159,0.1265,0.1404,0.1696,0.2002,0.2181,0.2352,0.2506,0.2623,0.2695,0.2733,0.2733,0.2695,0.2623,0.2506,0.2352,0.2181,0.2002,0.1696,0.1404,0.1265,0.1159
0.1564,0.162,0.1697,0.1791,0.2074,0.2183,0.2288,0.2384,0.2467,0.2512,0.2535,0.2535,0.2512,0.2467,0.2384,0.2288,0.2183,0.2074,0.1791,0.1697,0.162,0.1564
0.1958,0.1958,0.1762,0.1814,0.2071,0.2111,0.2153,0.2219,0.2279,0.2308,0.233,0.2345,0.2345,0.233,0.2308,0.2279,0.2219,0.2153,0.2111,0.2071,0.1814,0.1762
0.1479,0.1536,0.1466,0.1745,0.2035,0.2161,0.2284,0.2416,0.2513,0.2571,0.2603,0.2609,0.2586,0.2534,0.2443,0.2335,0.2215,0.2068,0.1776,0.1665,0.1573,0.1317
0.092,0.1067,0.1345,0.1644,0.1958,0.2175,0.2379,0.2551,0.2682,0.2767,0.2811,0.2811,0.2767,0.2682,0.2551,0.2379,0.2175,0.1958,0.1644,0.1345,0.1067,0.092
0.1564,0.162,0.1697,0.1791,0.2074,0.2183,0.2288,0.2384,0.2467,0.2512,0.2535,0.2535,0.2512,0.2467,0.2384,0.2288,0.2183,0.2074,0.1791,0.1697,0.162,0.1564
0.1564,0.162,0.1697,0.1791,0.2074,0.2183,0.2288,0.2384,0.2467,0.2512,0.2535,0.2535,0.2512,0.2467,0.2384,0.2288,0.2183,0.2074,0.1791,0.1697,0.162,0.1564
0.1564,0.162,0.1697,0.1791,0.2074,0.2183,0.2288,0.2384,0.2467,0.2512,0.2535,0.2535,0.2512,0.2467,0.2384,0.2288,0.2183,0.2074,0.1791,0.1697,0.162,0.1564
0.1159,0.1265,0.1404,0.1696,0.2002,0.2181,0.2352,0.2506,0.2623,0.2695,0.2733,0.2733,0.2695,0.2623,0.2506,0.2352,0.2181,0.2002,0.1696,0.1404,0.1265,0.1159
0.1941,0.1848,0.1886,0.213,0.2176,0.194,0.1972,0.2008,0.2023,0.2109,0.2182,0.2249,0.228,0.2548,0.2576,0.2556,0.2283,0.2207,0.2332,0.202,0.1657,0.164
0.1564,0.162,0.1697,0.1791,0.2074,0.2183,0.2288,0.2384,0.2467,0.2512,0.2535,0.2535,0.2512,0.2467,0.2384,0.2288,0.2183,0.2074,0.1791,0.1697,0.162,0.1564
0.1159,0.1265,0.1404,0.1696,0.2002,0.2181,0.2352,0.2506,0.2623,0.2695,0.2733,0.2733,0.2695,0.2623,0.2506,0.2352,0.2181,0.2002,0.1696,0.1404,0.1265,0.1159
0.1479,0.1536,0.1466,0.1745,0.2035,0.2161,0.2284,0.2416,0.2513,0.2571,0.2603,0.2609,0.2586,0.2534,0.2443,0.2335,0.2215,0.2068,0.1776,0.1665,0.1573,0.1317
0.1564,0.162,0.1697,0.1791,0.2074,0.2183,0.2288,0.2384,0.2467,0.2512,0.2535,0.2535,0.2512,0.2467,0.2384,0.2288,0.2183,0.2074,0.1791,0.1697,0.162,0.1564
0.1159,0.1265,0.1404,0.1696,0.2002,0.2181,0.2352,0.2506,0.2623,0.2695,0.2733,0.2733,0.2695,0.2623,0.2506,0.2352,0.2181,0.2002,0.1696,0.1404,0.1265,0.1159
0.1659,0.1429,0.1754,0.1845,0.1946,0.2082,0.2392,0.246,0.2512,0.2575,0.2616,0.2332,0.2283,0.2479,0.2421,0.2048,0.1982,0.2183,0.2086,0.1799,0.1726,0.1699
0.2132,0.2132,0.2132,0.2132,0.2132,0.2132,0.2132,0.2132,0.2132,0.2132,0.2132,0.2132,0.2132,0.2132,0.2132,0.2132,0.2132,0.2132,0.2132,0.2132,0.2132,0.2132
0.1651,0.1422,0.1473,0.1861,0.1981,0.2133,0.2284,0.2579,0.2642,0.268,0.2718,0.2442,0.2377,0.2295,0.2451,0.2043,0.1963,0.1885,0.2085,0.1788,0.1713,0.1654
0.1317,0.1573,0.1665,0.1776,0.2068,0.2215,0.2335,0.2443,0.2534,0.2586,0.2609,0.2603,0.2571,0.2513,0.2416,0.2284,0.2161,0.2035,0.1745,0.1466,0.1536,0.1479
0.1159,0.1265,0.1404,0.1696,0.2002,0.2181,0.2352,0.2506,0.2623,0.2695,0.2733,0.2733,0.2695,0.2623,0.2506,0.2352,0.2181,0.2002,0.1696,0.1404,0.1265,0.1159
0.1564,0.162,0.1697,0.1791,0.2074,0.2183,0.2288,0.2384,0.2467,0.2512,0.2535,0.2535,0.2512,0.2467,0.2384,0.2288,0.2183,0.2074,0.1791,0.1697,0.162,0.1564
0.1564,0.162,0.1697,0.1791,0.2074,0.2183,0.2288,0.2384,0.2467,0.2512,0.2535,0.2535,0.2512,0.2467,0.2384,0.2288,0.2183,0.2074,0.1791,0.1697,0.162,0.1564
0.092,0.1067,0.1345,0.1644,0.1958,0.2175,0.2379,0.2551,0.2682,0.2767,0.2811,0.2811,0.2767,0.2682,0.2551,0.2379,0.2175,0.1958,0.1644,0.1345,0.1067,0.092
0.1239,0.1344,0.1618,0.1744,0.2044,0.2207,0.2361,0.2483,0.2586,0.2646,0.2675,0.267,0.2631,0.2565,0.2457,0.2312,0.2154,0.2011,0.1713,0.1428,0.1304,0.1398
0.2132,0.2132,0.2132,0.2132,0.2132,0.2132,0.2132,0.2132,0.2132,0.2132,0.2132,0.2132,0.2132,0.2132,0.2132,0.2132,0.2132,0.2132,0.2132,0.2132,0.2132,0.2132
0.1159,0.1265,0.1404,0.1696,0.2002,0.2181,0.2352,0.2506,0.2623,0.2695,0.2733,0.2733,0.2695,0.2623,0.2506,0.2352,0.2181,0.2002,0.1696,0.1404,0.1265,0.1159
0.1564,0.162,0.1697,0.1791,0.2074,0.2183,0.2288,0.2384,0.2467,0.2512,0.2535,0.2535,0.2512,0.2467,0.2384,0.2288,0.2183,0.2074,0.1791,0.1697,0.162,0.1564
0.1159,0.1265,0.1404,0.1696,0.2002,0.2181,0.2352,0.2506,0.2623,0.2695,0.2733,0.2733,0.2695,0.2623,0.2506,0.2352,0.2181,0.2002,0.1696,0.1404,0.1265,0.1159
0.092,0.1067,0.1345,0.1644,0.1958,0.2175,0.2379,0.2551,0.2682,0.2767,0.2811,0.2811,0.2767,0.2682,0.2551,0.2379,0.2175,0.1958,0.1644,0.1345,0.1067,0.092
0.1564,0.162,0.1697,0.1791,0.2074,0.2183,0.2288,0.2384,0.2467,0.2512,0.2535,0.2535,0.2512,0.2467,0.2384,0.2288,0.2183,0.2074,0.1791,0.1697,0.162,0.1564
0.1918,0.214,0.2165,0.2162,0.191,0.1916,0.2164,0.2176,0.1968,0.2013,0.2278,0.2264,0.2273,0.2305,0.2301,0.2038,0.2255,0.2245,0.1979,0.1946,0.2196,0.2186
0.1564,0.162,0.1697,0.1791,0.2074,0.2183,0.2288,0.2384,0.2467,0.2512,0.2535,0.2535,0.2512,0.2467,0.2384,0.2288,0.2183,0.2074,0.1791,0.1697,0.162,0.1564
0.092,0.1067,0.1345,0.1644,0.1958,0.2175,0.2379,0.2551,0.2682,0.2767,0.2811,0.2811,0.2767,0.2682,0.2551,0.2379,0.2175,0.1958,0.1644,0.1345,0.1067,0.092
0.1564,0.162,0.1697,0.1791,0.2074,0.2183,0.2288,0.2384,0.2467,0.2512,0.2535,0.2535,0.2512,0.2467,0.2384,0.2288,0.2183,0.2074,0.1791,0.1697,0.162,0.1564
0.1564,0.162,0.1697,0.1791,0.2074,0.2183,0.2288,0.2384,0.2467,0.2512,0.2535,0.2535,0.2512,0.2467,0.2384,0.2288,0.2183,0.2074,0.1791,0.1697,0.162,0.1564
0.1159,0.1265,0.1404,0.1696,0.2002,0.2181,0.2352,0.2506,0.2623,0.2695,0.2733,0.2733,0.2695,0.2623,0.2506,0.2352,0.2181,0.2002,0.1696,0.1404,0.1265,0.1159
0.2049,0.2047,0.2049,0.1848,0.2095,0.2113,0.2134,0.2155,0.2199,0.2215,0.2228,0.2237,0.2242,0.2237,0.2228,0.2215,0.2199,0.2155,0.2134,0.2113,0.2095,0.1848
0.1159,0.1265,0.1404,0.1696,0.2002,0.2181,0.2352,0.2506,0.2623,0.2695,0.2733,0.2733,0.2695,0.2623,0.2506,0.2352,0.2181,0.2002,0.1696,0.1404,0.1265,0.1159
0.1159,0.1265,0.1404,0.1696,0.2002,0.2181,0.2352,0.2506,0.2623,0.2695,0.2733,0.2733,0.2695,0.2623,0.2506,0.2352,0.2181,0.2002,0.1696,0.1404,0.1265,0.1159
0.1159,0.1265,0.1404,0.1696,0.2002,0.2181,0.2352,0.2506,0.2623,0.2695,0.2733,0.2733,0.2695,0.2623,0.2506,0.2352,0.2181,0.2002,0.1696,0.1404,0.1265,0.1159
0.1098,0.1094,0.137,0.1664,0.1974,0.2165,0.2361,0.2525,0.265,0.273,0.2773,0.2774,0.2735,0.2658,0.2535,0.2372,0.2192,0.1986,0.1675,0.1379,0.123,0.0974
0.1159,0.1265,0.1404,0.1696,0.2002,0.2181,0.2352,0.2506,0.2623,0.2695,0.2733,0.2733,0.2695,0.2623,0.2506,0.2352,0.2181,0.2002,0.1696,0.1404,0.1265,0.1159
0.1159,0.1265,0.1404,0.1696,0.2002,0.2181,0.2352,0.2506,0.2623,0.2695,0.2733,0.2733,0.2695,0.2623,0.2506,0.2352,0.2181,0.2002,0.1696,0.1404,0.1265,0.1159
0.1159,0.1265,0.1404,0.1696,0.2002,0.2181,0.2352,0.2506,0.2623,0.2695,0.2733,0.2733,0.2695,0.2623,0.2506,0.2352,0.2181,0.2002,0.1696,0.1404,0.1265,0.1159
0.1033,0.1194,0.1787,0.211,0.211,0.2296,0.2464,0.2763,0.285,0.2669,0.2673,0.2639,0.255,0.2632,0.2329,0.2164,0.1976,0.1785,0.1785,0.1223,0.0977,0.087
0.1159,0.1265,0.1404,0.1696,0.2002,0.2181,0.2352,0.2506,0.2623,0.2695,0.2733,0.2733,0.2695,0.2623,0.2506,0.2352,0.2181,0.2002,0.1696,0.1404,0.1265,0.1159
0.1159,0.1265,0.1404,0.1696,0.2002,0.2181,0.2352,0.2506,0.2623,0.2695,0.2733,0.2733,0.2695,0.2623,0.2506,0.2352,0.2181,0.2002,0.1696,0.1404,0.1265,0.1159
0.1564,0.162,0.1697,0.1791,0.2074,0.2183,0.2288,0.2384,0.2467,0.2512,0.2535,0.2535,0.2512,0.2467,0.2384,0.2288,0.2183,0.2074,0.1791,0.1697,0.162,0.1564
0.1848,0.2095,0.2113,0.2134,0.2155,0.2199,0.2215,0.2228,0.2237,0.2242,0.2237,0.2228,0.2215,0.2199,0.2155,0.2134,0.2113,0.2095,0.1848,0.2049,0.2047,0.2049
0.1317,0.1573,0.1665,0.1776,0.2068,0.2215,0.2335,0.2443,0.2534,0.2586,0.2609,0.2603,0.2571,0.2513,0.2416,0.2284,0.2161,0.2035,0.1745,0.1466,0.1536,0.1479
0.1159,0.1265,0.1404,0.1696,0.2002,0.2181,0.2352,0.2506,0.2623,0.2695,0.2733,0.2733,0.2695,0.2623,0.2506,0.2352,0.2181,0.2002,0.1696,0.1404,0.1265,0.1159
0.1479,0.1536,0.1466,0.1745,0.2035,0.2161,0.2284,0.2416,0.2513,0.2571,0.2603,0.2609,0.2586,0.2534,0.2443,0.2335,0.2215,0.2068,0.1776,0.1665,0.1573,0.1317
0.092,0.1067,0.1345,0.1644,0.1958,0.2175,0.2379,0.2551,0.2682,0.2767,0.2811,0.2811,0.2767,0.2682,0.2551,0.2379,0.2175,0.1958,0.1644,0.1345,0.1067,0.092
0.1958,0.1958,0.1762,0.1814,0.2071,0.2111,0.2153,0.2219,0.2279,0.2308,0.233,0.2345,0.2345,0.233,0.2308,0.2279,0.2219,0.2153,0.2111,0.2071,0.1814,0.1762
0.1564,0.162,0.1697,0.1791,0.2074,0.2183,0.2288,0.2384,0.2467,0.2512,0.2535,0.2535,0.2512,0.2467,0.2384,0.2288,0.2183,0.2074,0.1791,0.1697,0.162,0.1564
0.1159,0.1265,0.1404,0.1696,0.2002,0.2181,0.2352,0.2506,0.2623,0.2695,0.2733,0.2733,0.2695,0.2623,0.2506,0.2352,0.2181,0.2002,0.1696,0.1404,0.1265,0.1159
0.1317,0.1573,0.1665,0.1776,0.2068,0.2215,0.2335,0.2443,0.2534,0.2586,0.2609,0.2603,0.2571,0.2513,0.2416,0.2284,0.2161,0.2035,0.1745,0.1466,0.1536,0.1479
0.092,0.1067,0.1345,0.1644,0.1958,0.2175,0.2379,0.2551,0.2682,0.2767,0.2811,0.2811,0.2767,0.2682,0.2551,0.2379,0.2175,0.1958,0.1644,0.1345,0.1067,0.092
0.0788,0.1044,0.1324,0.1625,0.1941,0.2176,0.2386,0.2563,0.27,0.2789,0.2835,0.2835,0.2789,0.27,0.2563,0.2386,0.2176,0.1941,0.1625,0.1324,0.1044,0.0788
0.1564,0.162,0.1697,0.1791,0.2074,0.2183,0.2288,0.2384,0.2467,0.2512,0.2535,0.2535,0.2512,0.2467,0.2384,0.2288,0.2183,0.2074,0.1791,0.1697,0.162,0.1564
0.092,0.1067,0.1345,0.1644,0.1958,0.2175,0.2379,0.2551,0.2682,0.2767,0.2811,0.2811,0.2767,0.2682,0.2551,0.2379,0.2175,0.1958,0.1644,0.1345,0.1067,0.092
0.1159,0.1265,0.1404,0.1696,0.2002,0.2181,0.2352,0.2506,0.2623,0.2695,0.2733,0.2733,0.2695,0.2623,0.2506,0.2352,0.2181,0.2002,0.1696,0.1404,0.1265,0.1159
0.1159,0.1265,0.1404,0.1696,0.2002,0.2181,0.2352,0.2506,0.2623,0.2695,0.2733,0.2733,0.2695,0.2623,0.2506,0.2352,0.2181,0.2002,0.1696,0.1404,0.1265,0.1159
0.0788,0.1044,0.1324,0.1625,0.1941,0.2176,0.2386,0.2563,0.27,0.2789,0.2835,0.2835,0.2789,0.27,0.2563,0.2386,0.2176,0.1941,0.1625,0.1324,0.1044,0.0788
0.1564,0.162,0.1697,0.1791,0.2074,0.2183,0.2288,0.2384,0.2467,0.2512,0.2535,0.2535,0.2512,0.2467,0.2384,0.2288,0.2183,0.2074,0.1791,0.1697,0.162,0.1564
0.1159,0.1265,0.1404,0.1696,0.2002,0.2181,0.2352,0.2506,0.2623,0.2695,0.2733,0.2733,0.2695,0.2623,0.2506,0.2352,0.2181,0.2002,0.1696,0.1404,0.1265,0.1159
0.092,0.1067,0.1345,0.1644,0.1958,0.2175,0.2379,0.2551,0.2682,0.2767,0.2811,0.2811,0.2767,0.2682,0.2551,0.2379,0.2175,0.1958,0.1644,0.1345,0.1067,0.092
0.1564,0.162,0.1697,0.1791,0.2074,0.2183,0.2288,0.2384,0.2467,0.2512,0.2535,0.2535,0.2512,0.2467,0.2384,0.2288,0.2183,0.2074,0.1791,0.1697,0.162,0.1564
0.1159,0.1265,0.1404,0.1696,0.2002,0.2181,0.2352,0.2506,0.2623,0.2695,0.2733,0.2733,0.2695,0.2623,0.2506,0.2352,0.2181,0.2002,0.1696,0.1404,0.1265,0.1159
0.1159,0.1265,0.1404,0.1696,0.2002,0.2181,0.2352,0.2506,0.2623,0.2695,0.2733,0.2733,0.2695,0.2623,0.2506,0.2352,0.2181,0.2002,0.1696,0.1404,0.1265,0.1159
0.1564,0.162,0.1697,0.1791,0.2074,0.2183,0.2288,0.2384,0.2467,0.2512,0.2535,0.2535,0.2512,0.2467,0.2384,0.2288,0.2183,0.2074,0.1791,0.1697,0.162,0.1564
0.2263,0.2288,0.2047,0.2011,0.1981,0.2225,0.1981,0.2011,0.2047,0.2288,0.2263,0.2263,0.2288,0.2047,0.2011,0.1981,0.2225,0.1981,0.2011,0.2047,0.2288,0.2263
0.1159,0.1265,0.1404,0.1696,0.2002,0.2181,0.2352,0.2506,0.2623,0.2695,0.2733,0.2733,0.2695,0.2623,0.2506,0.2352,0.2181,0.2002,0.1696,0.1404,0.1265,0.1159
0.1564,0.162,0.1697,0.1791,0.2074,0.2183,0.2288,0.2384,0.2467,0.2512,0.2535,0.2535,0.2512,0.2467,0.2384,0.2288,0.2183,0.2074,0.1791,0.1697,0.162,0.1564
0.2132,0.2132,0.2132,0.2132,0.2132,0.2132,0.2132,0.2132,0.2132,0.2132,0.2132,0.2132,0.2132,0.2132,0.2132,0.2132,0.2132,0.2132,0.2132,0.2132,0.2132,0.2132
0.1564,0.162,0.1697,0.1791,0.2074,0.2183,0.2288,0.2384,0.2467,0.2512,0.2535,0.2535,0.2512,0.2467,0.2384,0.2288,0.2183,0.2074,0.1791,0.1697,0.162,0.1564
0.1958,0.1958,0.1762,0.1814,0.2071,0.2111,0.2153,0.2219,0.2279,0.2308,0.233,0.2345,0.2345,0.233,0.2308,0.2279,0.2219,0.2153,0.2111,0.2071,0.1814,0.1762
0.1317,0.1573,0.1665,0.1776,0.2068,0.2215,0.2335,0.2443,0.2534,0.2586,0.2609,0.2603,0.2571,0.2513,0.2416,0.2284,0.2161,0.2035,0.1745,0.1466,0.1536,0.1479
0.1159,0.1265,0.1404,0.1696,0.2002,0.2181,0.2352,0.2506,0.2623,0.2695,0.2733,0.2733,0.2695,0.2623,0.2506,0.2352,0.2181,0.2002,0.1696,0.1404,0.1265,0.1159
0.1564,0.162,0.1697,0.1791,0.2074,0.2183,0.2288,0.2384,0.2467,0.2512,0.2535,0.2535,0.2512,0.2467,0.2384,0.2288,0.2183,0.2074,0.1791,0.1697,0.162,0.1564
0.1239,0.1344,0.1618,0.1744,0.2044,0.2207,0.2361,0.2483,0.2586,0.2646,0.2675,0.267,0.2631,0.2565,0.2457,0.2312,0.2154,0.2011,0.1713,0.1428,0.1304,0.1398
0.1564,0.162,0.1697,0.1791,0.2074,0.2183,0.2288,0.2384,0.2467,0.2512,0.2535,0.2535,0.2512,0.2467,0.2384,0.2288,0.2183,0.2074,0.1791,0.1697,0.162,0.1564
0.1159,0.1265,0.1404,0.1696,0.2002,0.2181,0.2352,0.2506,0.2623,0.2695,0.2733,0.2733,0.2695,0.2623,0.2506,0.2352,0.2181,0.2002,0.1696,0.1404,0.1265,0.1159
0.1564,0.162,0.1697,0.1791,0.2074,0.2183,0.2288,0.2384,0.2467,0.2512,0.2535,0.2535,0.2512,0.2467,0.2384,0.2288,0.2183,0.2074,0.1791,0.1697,0.162,0.1564
0.1666,0.1722,0.1794,0.2064,0.2126,0.2213,0.2296,0.2369,0.2408,0.2436,0.2446,0.2436,0.2408,0.2369,0.2296,0.2213,0.2126,0.2064,0.1794,0.1722,0.1666,0.1863
0.2114,0.213,0.2147,0.1955,0.2213,0.2229,0.2242,0.2251,0.228,0.2251,0.2242,0.2229,0.2213,0.1955,0.2147,0.213,0.2114,0.1852,0.2091,0.2089,0.2091,0.1852
0.1564,0.162,0.1697,0.1791,0.2074,0.2183,0.2288,0.2384,0.2467,0.2512,0.2535,0.2535,0.2512,0.2467,0.2384,0.2288,0.2183,0.2074,0.1791,0.1697,0.162,0.1564
0.1564,0.162,0.1697,0.1791,0.2074,0.2183,0.2288,0.2384,0.2467,0.2512,0.2535,0.2535,0.2512,0.2467,0.2384,0.2288,0.2183,0.2074,0.1791,0.1697,0.162,0.1564
0.1564,0.162,0.1697,0.1791,0.2074,0.2183,0.2288,0.2384,0.2467,0.2512,0.2535,0.2535,0.2512,0.2467,0.2384,0.2288,0.2183,0.2074,0.1791,0.1697,0.162,0.1564
0.1564,0.162,0.1697,0.1791,0.2074,0.2183,0.2288,0.2384,0.2467,0.2512,0.2535,0.2535,0.2512,0.2467,0.2384,0.2288,0.2183,0.2074,0.1791,0.1697,0.162,0.1564
0.1564,0.162,0.1697,0.1791,0.2074,0.2183,0.2288,0.2384,0.2467,0.2512,0.2535,0.2535,0.2512,0.2467,0.2384,0.2288,0.2183,0.2074,0.1791,0.1697,0.162,0.1564
0.2141,0.2093,0.2291,0.2253,0.1963,0.1934,0.2149,0.2094,0.2073,0.1845,0.184,0.1818,0.2078,0.1895,0.1957,0.2024,0.2306,0.2345,0.2374,0.2389,0.2421,0.2414
0.1564,0.162,0.1697,0.1791,0.2074,0.2183,0.2288,0.2384,0.2467,0.2512,0.2535,0.2535,0.2512,0.2467,0.2384,0.2288,0.2183,0.2074,0.1791,0.1697,0.162,0.1564
0.2132,0.2132,0.2132,0.2132,0.2132,0.2132,0.2132,0.2132,0.2132,0.2132,0.2132,0.2132,0.2132,0.2132,0.2132,0.2132,0.2132,0.2132,0.2132,0.2132,0.2132,0.2132
0.1564,0.162,0.1697,0.1791,0.2074,0.2183,0.2288,0.2384,0.2467,0.2512,0.2535,0.2535,0.2512,0.2467,0.2384,0.2288,0.2183,0.2074,0.1791,0.1697,0.162,0.1564
0.1564,0.162,0.1697,0.1791,0.2074,0.2183,0.2288,0.2384,0.2467,0.2512,0.2535,0.2535,0.2512,0.2467,0.2384,0.2288,0.2183,0.2074,0.1791,0.1697,0.162,0.1564
0.1398,0.1304,0.1428,0.1713,0.2011,0.2154,0.2312,0.2457,0.2565,0.2631,0.267,0.2675,0.2646,0.2586,0.2483,0.2361,0.2207,0.2044,0.1744,0.1618,0.1344,0.1239
0.1564,0.162,0.1697,0.1791,0.2074,0.2183,0.2288,0.2384,0.2467,0.2512,0.2535,0.2535,0.2512,0.2467,0.2384,0.2288,0.2183,0.2074,0.1791,0.1697,0.162,0.1564
0.2132,0.2132,0.2132,0.2132,0.2132,0.2132,0.2132,0.2132,0.2132,0.2132,0.2132,0.2132,0.2132,0.2132,0.2132,0.2132,0.2132,0.2132,0.2132,0.2132,0.2132,0.2132
0.1159,0.1265,0.1404,0.1696,0.2002,0.2181,0.2352,0.2506,0.2623,0.2695,0.2733,0.2733,0.2695,0.2623,0.2506,0.2352,0.2181,0.2002,0.1696,0.1404,0.1265,0.1159
0.1564,0.162,0.1697,0.1791,0.2074,0.2183,0.2288,0.2384,0.2467,0.2512,0.2535,0.2535,0.2512,0.2467,0.2384,0.2288,0.2183,0.2074,0.1791,0.1697,0.162,0.1564
0.2132,0.2132,0.2132,0.2132,0.2132,0.2132,0.2132,0.2132,0.2132,0.2132,0.2132,0.2132,0.2132,0.2132,0.2132,0.2132,0.2132,0.2132,0.2132,0.2132,0.2132,0.2132
0.1863,0.1666,0.1722,0.1794,0.2064,0.2126,0.2213,0.2296,0.2369,0.2408,0.2436,0.2446,0.2436,0.2408,0.2369,0.2296,0.2213,0.2126,0.2064,0.1794,0.1722,0.1666
0.1666,0.1722,0.1794,0.2064,0.2126,0.2213,0.2296,0.2369,0.2408,0.2436,0.2446,0.2436,0.2408,0.2369,0.2296,0.2213,0.2126,0.2064,0.1794,0.1722,0.1666,0.1863
0.1159,0.1265,0.1404,0.1696,0.2002,0.2181,0.2352,0.2506,0.2623,0.2695,0.2733,0.2733,0.2695,0.2623,0.2506,0.2352,0.2181,0.2002,0.1696,0.1404,0.1265,0.1159
0.1564,0.162,0.1697,0.1791,0.2074,0.2183,0.2288,0.2384,0.2467,0.2512,0.2535,0.2535,0.2512,0.2467,0.2384,0.2288,0.2183,0.2074,0.1791,0.1697,0.162,0.1564
0.2132,0.2132,0.2132,0.2132,0.2132,0.2132,0.2132,0.2132,0.2132,0.2132,0.2132,0.2132,0.2132,0.2132,0.2132,0.2132,0.2132,0.2132,0.2132,0.2132,0.2132,0.2132
0.092,0.1067,0.1345,0.1644,0.1958,0.2175,0.2379,0.2551,0.2682,0.2767,0.2811,0.2811,0.2767,0.2682,0.2551,0.2379,0.2175,0.1958,0.1644,0.1345,0.1067,0.092
0.1762,0.1814,0.2071,0.2111,0.2153,0.2219,0.2279,0.2308,0.233,0.2345,0.2345,0.233,0.2308,0.2279,0.2219,0.2153,0.2111,0.2071,0.1814,0.1762,0.1958,0.1958
0.1564,0.162,0.1697,0.1791,0.2074,0.2183,0.2288,0.2384,0.2467,0.2512,0.2535,0.2535,0.2512,0.2467,0.2384,0.2288,0.2183,0.2074,0.1791,0.1697,0.162,0.1564
0.2132,0.2132,0.2132,0.2132,0.2132,0.2132,0.2132,0.2132,0.2132,0.2132,0.2132,0.2132,0.2132,0.2132,0.2132,0.2132,0.2132,0.2132,0.2132,0.2132,0.2132,0.2132
0.2132,0.2132,0.2132,0.2132,0.2132,0.2132,0.2132,0.2132,0.2132,0.2132,0.2132,0.2132,0.2132,0.2132,0.2132,0.2132,0.2132,0.2132,0.2132,0.2132,0.2132,0.2132
0.1159,0.1265,0.1404,0.1696,0.2002,0.2181,0.2352,0.2506,0.2623,0.2695,0.2733,0.2733,0.2695,0.2623,0.2506,0.2352,0.2181,0.2002,0.1696,0.1404,0.1265,0.1159
0.1985,0.177,0.1818,0.1879,0.215,0.2164,0.2234,0.2299,0.2356,0.2108,0.2373,0.2381,0.2373,0.2108,0.2356,0.2299,0.2234,0.2164,0.215,0.1879,0.1818,0.177
0.092,0.1067,0.1345,0.1644,0.1958,0.2175,0.2379,0.2551,0.2682,0.2767,0.2811,0.2811,0.2767,0.2682,0.2551,0.2379,0.2175,0.1958,0.1644,0.1345,0.1067,0.092
0.1159,0.1265,0.1404,0.1696,0.2002,0.2181,0.2352,0.2506,0.2623,0.2695,0.2733,0.2733,0.2695,0.2623,0.2506,0.2352,0.2181,0.2002,0.1696,0.1404,0.1265,0.1159
0.1564,0.162,0.1697,0.1791,0.2074,0.2183,0.2288,0.2384,0.2467,0.2512,0.2535,0.2535,0.2512,0.2467,0.2384,0.2288,0.2183,0.2074,0.1791,0.1697,0.162,0.1564
0.2196,0.2223,0.2247,0.1988,0.1957,0.2192,0.2192,0.1957,0.1988,0.2247,0.2223,0.2196,0.2223,0.2247,0.1988,0.1957,0.2192,0.2192,0.1957,0.1988,0.2247,0.2223
0.1863,0.1666,0.1722,0.1794,0.2064,0.2126,0.2213,0.2296,0.2369,0.2408,0.2436,0.2446,0.2436,0.2408,0.2369,0.2296,0.2213,0.2126,0.2064,0.1794,0.1722,0.1666
0.1564,0.162,0.1697,0.1791,0.2074,0.2183,0.2288,0.2384,0.2467,0.2512,0.2535,0.2535,0.2512,0.2467,0.2384,0.2288,0.2183,0.2074,0.1791,0.1697,0.162,0.1564
0.1159,0.1265,0.1404,0.1696,0.2002,0.2181,0.2352,0.2506,0.2623,0.2695,0.2733,0.2733,0.2695,0.2623,0.2506,0.2352,0.2181,0.2002,0.1696,0.1404,0.1265,0.1159
0.1159,0.1265,0.1404,0.1696,0.2002,0.2181,0.2352,0.2506,0.2623,0.2695,0.2733,0.2733,0.2695,0.2623,0.2506,0.2352,0.2181,0.2002,0.1696,0.1404,0.1265,0.1159
0.1564,0.162,0.1697,0.1791,0.2074,0.2183,0.2288,0.2384,0.2467,0.2512,0.2535,0.2535,0.2512,0.2467,0.2384,0.2288,0.2183,0.2074,0.1791,0.1697,0.162,0.1564
0.1564,0.162,0.1697,0.1791,0.2074,0.2183,0.2288,0.2384,0.2467,0.2512,0.2535,0.2535,0.2512,0.2467,0.2384,0.2288,0.2183,0.2074,0.1791,0.1697,0.162,0.1564
0.1239,0.1344,0.1618,0.1744,0.2044,0.2207,0.2361,0.2483,0.2586,0.2646,0.2675,0.267,0.2631,0.2565,0.2457,0.2312,0.2154,0.2011,0.1713,0.1428,0.1304,0.1398
0.2132,0.2132,0.2132,0.2132,0.2132,0.2132,0.2132,0.2132,0.2132,0.2132,0.2132,0.2132,0.2132,0.2132,0.2132,0.2132,0.2132,0.2132,0.2132,0.2132,0.2132,0.2132
0.2132,0.2132,0.2132,0.2132,0.2132,0.2132,0.2132,0.2132,0.2132,0.2132,0.2132,0.2132,0.2132,0.2132,0.2132,0.2132,0.2132,0.2132,0.2132,0.2132,0.2132,0.2132
0.1564,0.162,0.1697,0.1791,0.2074,0.2183,0.2288,0.2384,0.2467,0.2512,0.2535,0.2535,0.2512,0.2467,0.2384,0.2288,0.2183,0.2074,0.1791,0.1697,0.162,0.1564
0.1564,0.162,0.1697,0.1791,0.2074,0.2183,0.2288,0.2384,0.2467,0.2512,0.2535,0.2535,0.2512,0.2467,0.2384,0.2288,0.2183,0.2074,0.1791,0.1697,0.162,0.1564
0.1239,0.1344,0.1618,0.1744,0.2044,0.2207,0.2361,0.2483,0.2586,0.2646,0.2675,0.267,0.2631,0.2565,0.2457,0.2312,0.2154,0.2011,0.1713,0.1428,0.1304,0.1398
0.1564,0.162,0.1697,0.1791,0.2074,0.2183,0.2288,0.2384,0.2467,0.2512,0.2535,0.2535,0.2512,0.2467,0.2384,0.2288,0.2183,0.2074,0.1791,0.1697,0.162,0.1564
0.1666,0.1722,0.1794,0.2064,0.2126,0.2213,0.2296,0.2369,0.2408,0.2436,0.2446,0.2436,0.2408,0.2369,0.2296,0.2213,0.2126,0.2064,0.1794,0.1722,0.1666,0.1863
0.1564,0.162,0.1697,0.1791,0.2074,0.2183,0.2288,0.2384,0.2467,0.2512,0.2535,0.2535,0.2512,0.2467,0.2384,0.2288,0.2183,0.2074,0.1791,0.1697,0.162,0.1564
0.1398,0.1304,0.1428,0.1713,0.2011,0.2154,0.2312,0.2457,0.2565,0.2631,0.267,0.2675,0.2646,0.2586,0.2483,0.2361,0.2207,0.2044,0.1744,0.1618,0.1344,0.1239
0.1398,0.1304,0.1428,0.1713,0.2011,0.2154,0.2312,0.2457,0.2565,0.2631,0.267,0.2675,0.2646,0.2586,0.2483,0.2361,0.2207,0.2044,0.1744,0.1618,0.1344,0.1239
0.1564,0.162,0.1697,0.1791,0.2074,0.2183,0.2288,0.2384,0.2467,0.2512,0.2535,0.2535,0.2512,0.2467,0.2384,0.2288,0.2183,0.2074,0.1791,0.1697,0.162,0.1564
0.1564,0.162,0.1697,0.1791,0.2074,0.2183,0.2288,0.2384,0.2467,0.2512,0.2535,0.2535,0.2512,0.2467,0.2384,0.2288,0.2183,0.2074,0.1791,0.1697,0.162,0.1564
0.1564,0.162,0.1697,0.1791,0.2074,0.2183,0.2288,0.2384,0.2467,0.2512,0.2535,0.2535,0.2512,0.2467,0.2384,0.2288,0.2183,0.2074,0.1791,0.1697,0.162,0.1564
0.1564,0.162,0.1697,0.1791,0.2074,0.2183,0.2288,0.2384,0.2467,0.2512,0.2535,0.2535,0.2512,0.2467,0.2384,0.2288,0.2183,0.2074,0.1791,0.1697,0.162,0.1564
0.1159,0.1265,0.1404,0.1696,0.2002,0.2181,0.2352,0.2506,0.2623,0.2695,0.2733,0.2733,0.2695,0.2623,0.2506,0.2352,0.2181,0.2002,0.1696,0.1404,0.1265,0.1159
0.1564,0.162,0.1697,0.1791,0.2074,0.2183,0.2288,0.2384,0.2467,0.2512,0.2535,0.2535,0.2512,0.2467,0.2384,0.2288,0.2183,0.2074,0.1791,0.1697,0.162,0.1564
0.2132,0.2132,0.2132,0.2132,0.2132,0.2132,0.2132,0.2132,0.2132,0.2132,0.2132,0.2132,0.2132,0.2132,0.2132,0.2132,0.2132,0.2132,0.2132,0.2132,0.2132,0.2132
0.2132,0.2132,0.2132,0.2132,0.2132,0.2132,0.2132,0.2132,0.2132,0.2132,0.2132,0.2132,0.2132,0.2132,0.2132,0.2132,0.2132,0.2132,0.2132,0.2132,0.2132,0.2132
0.2263,0.2263,0.2288,0.2047,0.2011,0.1981,0.2225,0.1981,0.2011,0.2047,0.2288,0.2263,0.2263,0.2288,0.2047,0.2011,0.1981,0.2225,0.1981,0.2011,0.2047,0.2288
0.0969,0.0873,0.1102,0.1355,0.1625,0.1944,0.2069,0.228,0.2436,0.2877,0.2963,0.3011,0.2758,0.2706,0.2891,0.2721,0.2507,0.1964,0.1664,0.1343,0.1041,0.0871
0.1564,0.162,0.1697,0.1791,0.2074,0.2183,0.2288,0.2384,0.2467,0.2512,0.2535,0.2535,0.2512,0.2467,0.2384,0.2288,0.2183,0.2074,0.1791,0.1697,0.162,0.1564
0.2132,0.2132,0.2132,0.2132,0.2132,0.2132,0.2132,0.2132,0.2132,0.2132,0.2132,0.2132,0.2132,0.2132,0.2132,0.2132,0.2132,0.2132,0.2132,0.2132,0.2132,0.2132
0.2132,0.2132,0.2132,0.2132,0.2132,0.2132,0.2132,0.2132,0.2132,0.2132,0.2132,0.2132,0.2132,0.2132,0.2132,0.2132,0.2132,0.2132,0.2132,0.2132,0.2132,0.2132
0.1564,0.162,0.1697,0.1791,0.2074,0.2183,0.2288,0.2384,0.2467,0.2512,0.2535,0.2535,0.2512,0.2467,0.2384,0.2288,0.2183,0.2074,0.1791,0.1697,0.162,0.1564
0.2132,0.2132,0.2132,0.2132,0.2132,0.2132,0.2132,0.2132,0.2132,0.2132,0.2132,0.2132,0.2132,0.2132,0.2132,0.2132,0.2132,0.2132,0.2132,0.2132,0.2132,0.2132
0.1762,0.1814,0.2071,0.2111,0.2153,0.2219,0.2279,0.2308,0.233,0.2345,0.2345,0.233,0.2308,0.2279,0.2219,0.2153,0.2111,0.2071,0.1814,0.1762,0.1958,0.1958
0.2132,0.2132,0.2132,0.2132,0.2132,0.2132,0.2132,0.2132,0.2132,0.2132,0.2132,0.2132,0.2132,0.2132,0.2132,0.2132,0.2132,0.2132,0.2132,0.2132,0.2132,0.2132
0.1564,0.162,0.1697,0.1791,0.2074,0.2183,0.2288,0.2384,0.2467,0.2512,0.2535,0.2535,0.2512,0.2467,0.2384,0.2288,0.2183,0.2074,0.1791,0.1697,0.162,0.1564
0.2132,0.2132,0.2132,0.2132,0.2132,0.2132,0.2132,0.2132,0.2132,0.2132,0.2132,0.2132,0.2132,0.2132,0.2132,0.2132,0.2132,0.2132,0.2132,0.2132,0.2132,0.2132
0.1564,0.162,0.1697,0.1791,0.2074,0.2183,0.2288,0.2384,0.2467,0.2512,0.2535,0.2535,0.2512,0.2467,0.2384,0.2288,0.2183,0.2074,0.1791,0.1697,0.162,0.1564
0.2047,0.2049,0.1848,0.2095,0.2113,0.2134,0.2155,0.2199,0.2215,0.2228,0.2237,0.2242,0.2237,0.2228,0.2215,0.2199,0.2155,0.2134,0.2113,0.2095,0.1848,0.2049
0.2132,0.2132,0.2132,0.2132,0.2132,0.2132,0.2132,0.2132,0.2132,0.2132,0.2132,0.2132,0.2132,0.2132,0.2132,0.2132,0.2132,0.2132,0.2132,0.2132,0.2132,0.2132
0.1666,0.1722,0.1794,0.2064,0.2126,0.2213,0.2296,0.2369,0.2408,0.2436,0.2446,0.2436,0.2408,0.2369,0.2296,0.2213,0.2126,0.2064,0.1794,0.1722,0.1666,0.1863
0.2132,0.2132,0.2132,0.2132,0.2132,0.2132,0.2132,0.2132,0.2132,0.2132,0.2132,0.2132,0.2132,0.2132,0.2132,0.2132,0.2132,0.2132,0.2132,0.2132,0.2132,0.2132
0.2132,0.2132,0.2132,0.2132,0.2132,0.2132,0.2132,0.2132,0.2132,0.2132,0.2132,0.2132,0.2132,0.2132,0.2132,0.2132,0.2132,0.2132,0.2132,0.2132,0.2132,0.2132
0.2132,0.2132,0.2132,0.2132,0.2132,0.2132,0.2132,0.2132,0.2132,0.2132,0.2132,0.2132,0.2132,0.2132,0.2132,0.2132,0.2132,0.2132,0.2132,0.2132,0.2132,0.2132
0.2132,0.2132,0.2132,0.2132,0.2132,0.2132,0.2132,0.2132,0.2132,0.2132,0.2132,0.2132,0.2132,0.2132,0.2132,0.2132,0.2132,0.2132,0.2132,0.2132,0.2132,0.2132
0.2132,0.2132,0.2132,0.2132,0.2132,0.2132,0.2132,0.2132,0.2132,0.2132,0.2132,0.2132,0.2132,0.2132,0.2132,0.2132,0.2132,0.2132,0.2132,0.2132,0.2132,0.2132
0.2132,0.2132,0.2132,0.2132,0.2132,0.2132,0.2132,0.2132,0.2132,0.2132,0.2132,0.2132,0.2132,0.2132,0.2132,0.2132,0.2132,0.2132,0.2132,0.2132,0.2132,0.2132
0.2132,0.2132,0.2132,0.2132,0.2132,0.2132,0.2132,0.2132,0.2132,0.2132,0.2132,0.2132,0.2132,0.2132,0.2132,0.2132,0.2132,0.2132,0.2132,0.2132,0.2132,0.2132
0.1762,0.1814,0.2071,0.2111,0.2153,0.2219,0.2279,0.2308,0.233,0.2345,0.2345,0.233,0.2308,0.2279,0.2219,0.2153,0.2111,0.2071,0.1814,0.1762,0.1958,0.1958
0.1214,0.1322,0.1425,0.1699,0.2298,0.2477,0.2329,0.2453,0.2544,0.2816,0.2817,0.2539,0.2509,0.2438,0.2306,0.2315,0.2188,0.1908,0.1635,0.1378,0.1513,0.1402
0.1958,0.1958,0.1762,0.1814,0.2071,0.2111,0.2153,0.2219,0.2279,0.2308,0.233,0.2345,0.2345,0.233,0.2308,0.2279,0.2219,0.2153,0.2111,0.2071,0.1814,0.1762
0.1762,0.1814,0.2071,0.2111,0.2153,0.2219,0.2279,0.2308,0.233,0.2345,0.2345,0.233,0.2308,0.2279,0.2219,0.2153,0.2111,0.2071,0.1814,0.1762,0.1958,0.1958
0.1564,0.162,0.1697,0.1791,0.2074,0.2183,0.2288,0.2384,0.2467,0.2512,0.2535,0.2535,0.2512,0.2467,0.2384,0.2288,0.2183,0.2074,0.1791,0.1697,0.162,0.1564
0.2132,0.2132,0.2132,0.2132,0.2132,0.2132,0.2132,0.2132,0.2132,0.2132,0.2132,0.2132,0.2132,0.2132,0.2132,0.2132,0.2132,0.2132,0.2132,0.2132,0.2132,0.2132
0.1958,0.1762,0.1814,0.2071,0.2111,0.2153,0.2219,0.2279,0.2308,0.233,0.2345,0.2345,0.233,0.2308,0.2279,0.2219,0.2153,0.2111,0.2071,0.1814,0.1762,0.1958
0.1564,0.162,0.1697,0.1791,0.2074,0.2183,0.2288,0.2384,0.2467,0.2512,0.2535,0.2535,0.2512,0.2467,0.2384,0.2288,0.2183,0.2074,0.1791,0.1697,0.162,0.1564
0.1564,0.162,0.1697,0.1791,0.2074,0.2183,0.2288,0.2384,0.2467,0.2512,0.2535,0.2535,0.2512,0.2467,0.2384,0.2288,0.2183,0.2074,0.1791,0.1697,0.162,0.1564
0.1317,0.1573,0.1665,0.1776,0.2068,0.2215,0.2335,0.2443,0.2534,0.2586,0.2609,0.2603,0.2571,0.2513,0.2416,0.2284,0.2161,0.2035,0.1745,0.1466,0.1536,0.1479
0.2132,0.2132,0.2132,0.2132,0.2132,0.2132,0.2132,0.2132,0.2132,0.2132,0.2132,0.2132,0.2132,0.2132,0.2132,0.2132,0.2132,0.2132,0.2132,0.2132,0.2132,0.2132
0.2132,0.2132,0.2132,0.2132,0.2132,0.2132,0.2132,0.2132,0.2132,0.2132,0.2132,0.2132,0.2132,0.2132,0.2132,0.2132,0.2132,0.2132,0.2132,0.2132,0.2132,0.2132
0.1863,0.1666,0.1722,0.1794,0.2064,0.2126,0.2213,0.2296,0.2369,0.2408,0.2436,0.2446,0.2436,0.2408,0.2369,0.2296,0.2213,0.2126,0.2064,0.1794,0.1722,0.1666
0.1666,0.1722,0.1794,0.2064,0.2126,0.2213,0.2296,0.2369,0.2408,0.2436,0.2446,0.2436,0.2408,0.2369,0.2296,0.2213,0.2126,0.2064,0.1794,0.1722,0.1666,0.1863
0.2132,0.2132,0.2132,0.2132,0.2132,0.2132,0.2132,0.2132,0.2132,0.2132,0.2132,0.2132,0.2132,0.2132,0.2132,0.2132,0.2132,0.2132,0.2132,0.2132,0.2132,0.2132
0.2049,0.1848,0.2095,0.2113,0.2134,0.2155,0.2199,0.2215,0.2228,0.2237,0.2242,0.2237,0.2228,0.2215,0.2199,0.2155,0.2134,0.2113,0.2095,0.1848,0.2049,0.2047
0.2132,0.2132,0.2132,0.2132,0.2132,0.2132,0.2132,0.2132,0.2132,0.2132,0.2132,0.2132,0.2132,0.2132,0.2132,0.2132,0.2132,0.2132,0.2132,0.2132,0.2132,0.2132
0.2132,0.2132,0.2132,0.2132,0.2132,0.2132,0.2132,0.2132,0.2132,0.2132,0.2132,0.2132,0.2132,0.2132,0.2132,0.2132,0.2132,0.2132,0.2132,0.2132,0.2132,0.2132
0.1159,0.1265,0.1404,0.1696,0.2002,0.2181,0.2352,0.2506,0.2623,0.2695,0.2733,0.2733,0.2695,0.2623,0.2506,0.2352,0.2181,0.2002,0.1696,0.1404,0.1265,0.1159
0.1564,0.162,0.1697,0.1791,0.2074,0.2183,0.2288,0.2384,0.2467,0.2512,0.2535,0.2535,0.2512,0.2467,0.2384,0.2288,0.2183,0.2074,0.1791,0.1697,0.162,0.1564
0.1564,0.162,0.1697,0.1791,0.2074,0.2183,0.2288,0.2384,0.2467,0.2512,0.2535,0.2535,0.2512,0.2467,0.2384,0.2288,0.2183,0.2074,0.1791,0.1697,0.162,0.1564
0.2049,0.2047,0.2049,0.1848,0.2095,0.2113,0.2134,0.2155,0.2199,0.2215,0.2228,0.2237,0.2242,0.2237,0.2228,0.2215,0.2199,0.2155,0.2134,0.2113,0.2095,0.1848
0.1564,0.162,0.1697,0.1791,0.2074,0.2183,0.2288,0.2384,0.2467,0.2512,0.2535,0.2535,0.2512,0.2467,0.2384,0.2288,0.2183,0.2074,0.1791,0.1697,0.162,0.1564
0.1564,0.162,0.1697,0.1791,0.2074,0.2183,0.2288,0.2384,0.2467,0.2512,0.2535,0.2535,0.2512,0.2467,0.2384,0.2288,0.2183,0.2074,0.1791,0.1697,0.162,0.1564
0.1564,0.162,0.1697,0.1791,0.2074,0.2183,0.2288,0.2384,0.2467,0.2512,0.2535,0.2535,0.2512,0.2467,0.2384,0.2288,0.2183,0.2074,0.1791,0.1697,0.162,0.1564
0.2132,0.2132,0.2132,0.2132,0.2132,0.2132,0.2132,0.2132,0.2132,0.2132,0.2132,0.2132,0.2132,0.2132,0.2132,0.2132,0.2132,0.2132,0.2132,0.2132,0.2132,0.2132
0.1317,0.1573,0.1665,0.1776,0.2068,0.2215,0.2335,0.2443,0.2534,0.2586,0.2609,0.2603,0.2571,0.2513,0.2416,0.2284,0.2161,0.2035,0.1745,0.1466,0.1536,0.1479
0.1647,0.1687,0.1747,0.179,0.2069,0.2162,0.2254,0.2051,0.2397,0.2447,0.2478,0.2252,0.2519,0.2496,0.2434,0.2357,0.2297,0.2199,0.1909,0.1818,0.174,0.1676
0.2132,0.2132,0.2132,0.2132,0.2132,0.2132,0.2132,0.2132,0.2132,0.2132,0.2132,0.2132,0.2132,0.2132,0.2132,0.2132,0.2132,0.2132,0.2132,0.2132,0.2132,0.2132
0.2132,0.2132,0.2132,0.2132,0.2132,0.2132,0.2132,0.2132,0.2132,0.2132,0.2132,0.2132,0.2132,0.2132,0.2132,0.2132,0.2132,0.2132,0.2132,0.2132,0.2132,0.2132
0.2132,0.2132,0.2132,0.2132,0.2132,0.2132,0.2132,0.2132,0.2132,0.2132,0.2132,0.2132,0.2132,0.2132,0.2132,0.2132,0.2132,0.2132,0.2132,0.2132,0.2132,0.2132
0.1564,0.162,0.1697,0.1791,0.2074,0.2183,0.2288,0.2384,0.2467,0.2512,0.2535,0.2535,0.2512,0.2467,0.2384,0.2288,0.2183,0.2074,0.1791,0.1697,0.162,0.1564
0.1159,0.1265,0.1404,0.1696,0.2002,0.2181,0.2352,0.2506,0.2623,0.2695,0.2733,0.2733,0.2695,0.2623,0.2506,0.2352,0.2181,0.2002,0.1696,0.1404,0.1265,0.1159
0.0747,0.0888,0.1136,0.1442,0.1766,0.2019,0.2231,0.2753,0.2916,0.3026,0.2802,0.2802,0.3026,0.2916,0.2753,0.2231,0.2019,0.1766,0.1442,0.1136,0.0888,0.0747
0.1564,0.162,0.1697,0.1791,0.2074,0.2183,0.2288,0.2384,0.2467,0.2512,0.2535,0.2535,0.2512,0.2467,0.2384,0.2288,0.2183,0.2074,0.1791,0.1697,0.162,0.1564
0.092,0.1067,0.1345,0.1644,0.1958,0.2175,0.2379,0.2551,0.2682,0.2767,0.2811,0.2811,0.2767,0.2682,0.2551,0.2379,0.2175,0.1958,0.1644,0.1345,0.1067,0.092
0.2132,0.2132,0.2132,0.2132,0.2132,0.2132,0.2132,0.2132,0.2132,0.2132,0.2132,0.2132,0.2132,0.2132,0.2132,0.2132,0.2132,0.2132,0.2132,0.2132,0.2132,0.2132
0.1564,0.162,0.1697,0.1791,0.2074,0.2183,0.2288,0.2384,0.2467,0.2512,0.2535,0.2535,0.2512,0.2467,0.2384,0.2288,0.2183,0.2074,0.1791,0.1697,0.162,0.1564
0.1159,0.1265,0.1404,0.1696,0.2002,0.2181,0.2352,0.2506,0.2623,0.2695,0.2733,0.2733,0.2695,0.2623,0.2506,0.2352,0.2181,0.2002,0.1696,0.1404,0.1265,0.1159
0.1564,0.162,0.1697,0.1791,0.2074,0.2183,0.2288,0.2384,0.2467,0.2512,0.2535,0.2535,0.2512,0.2467,0.2384,0.2288,0.2183,0.2074,0.1791,0.1697,0.162,0.1564
0.2132,0.2132,0.2132,0.2132,0.2132,0.2132,0.2132,0.2132,0.2132,0.2132,0.2132,0.2132,0.2132,0.2132,0.2132,0.2132,0.2132,0.2132,0.2132,0.2132,0.2132,0.2132
0.2132,0.2132,0.2132,0.2132,0.2132,0.2132,0.2132,0.2132,0.2132,0.2132,0.2132,0.2132,0.2132,0.2132,0.2132,0.2132,0.2132,0.2132,0.2132,0.2132,0.2132,0.2132
0.2132,0.2132,0.2132,0.2132,0.2132,0.2132,0.2132,0.2132,0.2132,0.2132,0.2132,0.2132,0.2132,0.2132,0.2132,0.2132,0.2132,0.2132,0.2132,0.2132,0.2132,0.2132
0.1564,0.162,0.1697,0.1791,0.2074,0.2183,0.2288,0.2384,0.2467,0.2512,0.2535,0.2535,0.2512,0.2467,0.2384,0.2288,0.2183,0.2074,0.1791,0.1697,0.162,0.1564
0.1159,0.1265,0.1404,0.1696,0.2002,0.2181,0.2352,0.2506,0.2623,0.2695,0.2733,0.2733,0.2695,0.2623,0.2506,0.2352,0.2181,0.2002,0.1696,0.1404,0.1265,0.1159
0.1957,0.1988,0.2247,0.2223,0.2196,0.2223,0.2247,0.1988,0.1957,0.2192,0.2192,0.1957,0.1988,0.2247,0.2223,0.2196,0.2223,0.2247,0.1988,0.1957,0.2192,0.2192
0.1666,0.1722,0.1794,0.2064,0.2126,0.2213,0.2296,0.2369,0.2408,0.2436,0.2446,0.2436,0.2408,0.2369,0.2296,0.2213,0.2126,0.2064,0.1794,0.1722,0.1666,0.1863
0.1159,0.1265,0.1404,0.1696,0.2002,0.2181,0.2352,0.2506,0.2623,0.2695,0.2733,0.2733,0.2695,0.2623,0.2506,0.2352,0.2181,0.2002,0.1696,0.1404,0.1265,0.1159
0.1159,0.1265,0.1404,0.1696,0.2002,0.2181,0.2352,0.2506,0.2623,0.2695,0.2733,0.2733,0.2695,0.2623,0.2506,0.2352,0.2181,0.2002,0.1696,0.1404,0.1265,0.1159
0.1564,0.162,0.1697,0.1791,0.2074,0.2183,0.2288,0.2384,0.2467,0.2512,0.2535,0.2535,0.2512,0.2467,0.2384,0.2288,0.2183,0.2074,0.1791,0.1697,0.162,0.1564
0.1564,0.162,0.1697,0.1791,0.2074,0.2183,0.2288,0.2384,0.2467,0.2512,0.2535,0.2535,0.2512,0.2467,0.2384,0.2288,0.2183,0.2074,0.1791,0.1697,0.162,0.1564
0.1564,0.162,0.1697,0.1791,0.2074,0.2183,0.2288,0.2384,0.2467,0.2512,0.2535,0.2535,0.2512,0.2467,0.2384,0.2288,0.2183,0.2074,0.1791,0.1697,0.162,0.1564
0.1564,0.162,0.1697,0.1791,0.2074,0.2183,0.2288,0.2384,0.2467,0.2512,0.2535,0.2535,0.2512,0.2467,0.2384,0.2288,0.2183,0.2074,0.1791,0.1697,0.162,0.1564
