0.1762,0.1814,0.2071,0.2111,0.2153,0.2219,0.2279,0.2308,0.233,0.2345,0.2345,0.233,0.2308,0.2279,0.2219,0.2153,0.2111,0.2071,0.1814,0.1762,0.1958,0.1958
0.1159,0.1265,0.1404,0.1696,0.2002,0.2181,0.2352,0.2506,0.2623,0.2695,0.2733,0.2733,0.2695,0.2623,0.2506,0.2352,0.2181,0.2002,0.1696,0.1404,0.1265,0.1159
0.2308,0.2305,0.2294,0.2276,0.2478,0.2157,0.2116,0.2075,0.1823,0.1956,0.1937,0.1925,0.172,0.1957,0.1982,0.2012,0.2048,0.2139,0.2178,0.2214,0.2245,0.2544
0.1564,0.162,0.1697,0.1791,0.2074,0.2183,0.2288,0.2384,0.2467,0.2512,0.2535,0.2535,0.2512,0.2467,0.2384,0.2288,0.2183,0.2074,0.1791,0.1697,0.162,0.1564
0.2132,0.2132,0.2132,0.2132,0.2132,0.2132,0.2132,0.2132,0.2132,0.2132,0.2132,0.2132,0.2132,0.2132,0.2132,0.2132,0.2132,0.2132,0.2132,0.2132,0.2132,0.2132
0.2801,0.2744,0.2633,0.2494,0.1992,0.1658,0.1527,0.1414,0.134,0.1501,0.1486,0.1501,0.134,0.1414,0.1527,0.1658,0.1992,0.2494,0.2633,0.2744,0.3028,0.3028
0.1239,0.1344,0.1618,0.1744,0.2044,0.2207,0.2361,0.2483,0.2586,0.2646,0.2675,0.267,0.2631,0.2565,0.2457,0.2312,0.2154,0.2011,0.1713,0.1428,0.1304,0.1398
0.2132,0.2132,0.2132,0.2132,0.2132,0.2132,0.2132,0.2132,0.2132,0.2132,0.2132,0.2132,0.2132,0.2132,0.2132,0.2132,0.2132,0.2132,0.2132,0.2132,0.2132,0.2132
0.2534,0.2457,0.205,0.2179,0.1811,0.1743,0.1727,0.1924,0.1871,0.1863,0.1908,0.171,0.172,0.1746,0.2136,0.2009,0.2102,0.2484,0.2766,0.2521,0.2526,0.2534
0.1159,0.1265,0.1404,0.1696,0.2002,0.2181,0.2352,0.2506,0.2623,0.2695,0.2733,0.2733,0.2695,0.2623,0.2506,0.2352,0.2181,0.2002,0.1696,0.1404,0.1265,0.1159
0.1159,0.1265,0.1404,0.1696,0.2002,0.2181,0.2352,0.2506,0.2623,0.2695,0.2733,0.2733,0.2695,0.2623,0.2506,0.2352,0.2181,0.2002,0.1696,0.1404,0.1265,0.1159
0.1564,0.162,0.1697,0.1791,0.2074,0.2183,0.2288,0.2384,0.2467,0.2512,0.2535,0.2535,0.2512,0.2467,0.2384,0.2288,0.2183,0.2074,0.1791,0.1697,0.162,0.1564
0.2132,0.2132,0.2132,0.2132,0.2132,0.2132,0.2132,0.2132,0.2132,0.2132,0.2132,0.2132,0.2132,0.2132,0.2132,0.2132,0.2132,0.2132,0.2132,0.2132,0.2132,0.2132
0.1564,0.162,0.1697,0.1791,0.2074,0.2183,0.2288,0.2384,0.2467,0.2512,0.2535,0.2535,0.2512,0.2467,0.2384,0.2288,0.2183,0.2074,0.1791,0.1697,0.162,0.1564
0.2132,0.2132,0.2132,0.2132,0.2132,0.2132,0.2132,0.2132,0.2132,0.2132,0.2132,0.2132,0.2132,0.2132,0.2132,0.2132,0.2132,0.2132,0.2132,0.2132,0.2132,0.2132
0.1564,0.162,0.1697,0.1791,0.2074,0.2183,0.2288,0.2384,0.2467,0.2512,0.2535,0.2535,0.2512,0.2467,0.2384,0.2288,0.2183,0.2074,0.1791,0.1697,0.162,0.1564
0.1564,0.162,0.1697,0.1791,0.2074,0.2183,0.2288,0.2384,0.2467,0.2512,0.2535,0.2535,0.2512,0.2467,0.2384,0.2288,0.2183,0.2074,0.1791,0.1697,0.162,0.1564
0.1564,0.162,0.1697,0.1791,0.2074,0.2183,0.2288,0.2384,0.2467,0.2512,0.2535,0.2535,0.2512,0.2467,0.2384,0.2288,0.2183,0.2074,0.1791,0.1697,0.162,0.1564
0.1564,0.162,0.1697,0.1791,0.2074,0.2183,0.2288,0.2384,0.2467,0.2512,0.2535,0.2535,0.2512,0.2467,0.2384,0.2288,0.2183,0.2074,0.1791,0.1697,0.162,0.1564
0.1564,0.162,0.1697,0.1791,0.2074,0.2183,0.2288,0.2384,0.2467,0.2512,0.2535,0.2535,0.2512,0.2467,0.2384,0.2288,0.2183,0.2074,0.1791,0.1697,0.162,0.1564
0.1479,0.1536,0.1466,0.1745,0.2035,0.2161,0.2284,0.2416,0.2513,0.2571,0.2603,0.2609,0.2586,0.2534,0.2443,0.2335,0.2215,0.2068,0.1776,0.1665,0.1573,0.1317
0.1564,0.162,0.1697,0.1791,0.2074,0.2183,0.2288,0.2384,0.2467,0.2512,0.2535,0.2535,0.2512,0.2467,0.2384,0.2288,0.2183,0.2074,0.1791,0.1697,0.162,0.1564
0.1398,0.1304,0.1428,0.1713,0.2011,0.2154,0.2312,0.2457,0.2565,0.2631,0.267,0.2675,0.2646,0.2586,0.2483,0.2361,0.2207,0.2044,0.1744,0.1618,0.1344,0.1239
0.1159,0.1265,0.1404,0.1696,0.2002,0.2181,0.2352,0.2506,0.2623,0.2695,0.2733,0.2733,0.2695,0.2623,0.2506,0.2352,0.2181,0.2002,0.1696,0.1404,0.1265,0.1159
0.1564,0.162,0.1697,0.1791,0.2074,0.2183,0.2288,0.2384,0.2467,0.2512,0.2535,0.2535,0.2512,0.2467,0.2384,0.2288,0.2183,0.2074,0.1791,0.1697,0.162,0.1564
0.1799,0.1771,0.1538,0.1877,0.1961,0.2052,0.2177,0.2455,0.2501,0.2531,0.2574,0.2312,0.2267,0.221,0.2407,0.2075,0.2027,0.1979,0.2195,0.2119,0.187,0.1811
0.1756,0.2002,0.2024,0.1853,0.2114,0.2178,0.2216,0.2251,0.2304,0.2326,0.2334,0.2334,0.2326,0.2304,0.2251,0.2216,0.2178,0.2114,0.1853,0.2024,0.2002,0.1756
0.1863,0.1666,0.1722,0.1794,0.2064,0.2126,0.2213,0.2296,0.2369,0.2408,0.2436,0.2446,0.2436,0.2408,0.2369,0.2296,0.2213,0.2126,0.2064,0.1794,0.1722,0.1666
0.1159,0.1265,0.1404,0.1696,0.2002,0.2181,0.2352,0.2506,0.2623,0.2695,0.2733,0.2733,0.2695,0.2623,0.2506,0.2352,0.2181,0.2002,0.1696,0.1404,0.1265,0.1159
0.1159,0.1265,0.1404,0.1696,0.2002,0.2181,0.2352,0.2506,0.2623,0.2695,0.2733,0.2733,0.2695,0.2623,0.2506,0.2352,0.2181,0.2002,0.1696,0.1404,0.1265,0.1159
0.1239,0.1344,0.1618,0.1744,0.2044,0.2207,0.2361,0.2483,0.2586,0.2646,0.2675,0.267,0.2631,0.2565,0.2457,0.2312,0.2154,0.2011,0.1713,0.1428,0.1304,0.1398
0.1958,0.1958,0.1762,0.1814,0.2071,0.2111,0.2153,0.2219,0.2279,0.2308,0.233,0.2345,0.2345,0.233,0.2308,0.2279,0.2219,0.2153,0.2111,0.2071,0.1814,0.1762
0.1159,0.1265,0.1404,0.1696,0.2002,0.2181,0.2352,0.2506,0.2623,0.2695,0.2733,0.2733,0.2695,0.2623,0.2506,0.2352,0.2181,0.2002,0.1696,0.1404,0.1265,0.1159
0.1666,0.1722,0.1794,0.2064,0.2126,0.2213,0.2296,0.2369,0.2408,0.2436,0.2446,0.2436,0.2408,0.2369,0.2296,0.2213,0.2126,0.2064,0.1794,0.1722,0.1666,0.1863
0.1159,0.1265,0.1404,0.1696,0.2002,0.2181,0.2352,0.2506,0.2623,0.2695,0.2733,0.2733,0.2695,0.2623,0.2506,0.2352,0.2181,0.2002,0.1696,0.1404,0.1265,0.1159
0.1159,0.1265,0.1404,0.1696,0.2002,0.2181,0.2352,0.2506,0.2623,0.2695,0.2733,0.2733,0.2695,0.2623,0.2506,0.2352,0.2181,0.2002,0.1696,0.1404,0.1265,0.1159
0.1564,0.162,0.1697,0.1791,0.2074,0.2183,0.2288,0.2384,0.2467,0.2512,0.2535,0.2535,0.2512,0.2467,0.2384,0.2288,0.2183,0.2074,0.1791,0.1697,0.162,0.1564
0.1564,0.162,0.1697,0.1791,0.2074,0.2183,0.2288,0.2384,0.2467,0.2512,0.2535,0.2535,0.2512,0.2467,0.2384,0.2288,0.2183,0.2074,0.1791,0.1697,0.162,0.1564
0.1479,0.1536,0.1466,0.1745,0.2035,0.2161,0.2284,0.2416,0.2513,0.2571,0.2603,0.2609,0.2586,0.2534,0.2443,0.2335,0.2215,0.2068,0.1776,0.1665,0.1573,0.1317
0.2436,0.2408,0.2369,0.2296,0.2213,0.2126,0.2064,0.1794,0.1722,0.1666,0.1863,0.1666,0.1722,0.1794,0.2064,0.2126,0.2213,0.2296,0.2369,0.2408,0.2436,0.2446
0.1159,0.1265,0.1404,0.1696,0.2002,0.2181,0.2352,0.2506,0.2623,0.2695,0.2733,0.2733,0.2695,0.2623,0.2506,0.2352,0.2181,0.2002,0.1696,0.1404,0.1265,0.1159
0.1159,0.1265,0.1404,0.1696,0.2002,0.2181,0.2352,0.2506,0.2623,0.2695,0.2733,0.2733,0.2695,0.2623,0.2506,0.2352,0.2181,0.2002,0.1696,0.1404,0.1265,0.1159
0.1398,0.1304,0.1428,0.1713,0.2011,0.2154,0.2312,0.2457,0.2565,0.2631,0.267,0.2675,0.2646,0.2586,0.2483,0.2361,0.2207,0.2044,0.1744,0.1618,0.1344,0.1239
0.1564,0.162,0.1697,0.1791,0.2074,0.2183,0.2288,0.2384,0.2467,0.2512,0.2535,0.2535,0.2512,0.2467,0.2384,0.2288,0.2183,0.2074,0.1791,0.1697,0.162,0.1564
0.1564,0.162,0.1697,0.1791,0.2074,0.2183,0.2288,0.2384,0.2467,0.2512,0.2535,0.2535,0.2512,0.2467,0.2384,0.2288,0.2183,0.2074,0.1791,0.1697,0.162,0.1564
0.1564,0.162,0.1697,0.1791,0.2074,0.2183,0.2288,0.2384,0.2467,0.2512,0.2535,0.2535,0.2512,0.2467,0.2384,0.2288,0.2183,0.2074,0.1791,0.1697,0.162,0.1564
0.1564,0.162,0.1697,0.1791,0.2074,0.2183,0.2288,0.2384,0.2467,0.2512,0.2535,0.2535,0.2512,0.2467,0.2384,0.2288,0.2183,0.2074,0.1791,0.1697,0.162,0.1564
0.1564,0.162,0.1697,0.1791,0.2074,0.2183,0.2288,0.2384,0.2467,0.2512,0.2535,0.2535,0.2512,0.2467,0.2384,0.2288,0.2183,0.2074,0.1791,0.1697,0.162,0.1564
0.2072,0.181,0.1767,0.1771,0.2027,0.184,0.1903,0.2176,0.2216,0.2256,0.2318,0.2371,0.212,0.2371,0.2373,0.2361,0.209,0.2309,0.2275,0.221,0.2141,0.19
0.1564,0.162,0.1697,0.1791,0.2074,0.2183,0.2288,0.2384,0.2467,0.2512,0.2535,0.2535,0.2512,0.2467,0.2384,0.2288,0.2183,0.2074,0.1791,0.1697,0.162,0.1564
0.1564,0.162,0.1697,0.1791,0.2074,0.2183,0.2288,0.2384,0.2467,0.2512,0.2535,0.2535,0.2512,0.2467,0.2384,0.2288,0.2183,0.2074,0.1791,0.1697,0.162,0.1564
0.1564,0.162,0.1697,0.1791,0.2074,0.2183,0.2288,0.2384,0.2467,0.2512,0.2535,0.2535,0.2512,0.2467,0.2384,0.2288,0.2183,0.2074,0.1791,0.1697,0.162,0.1564
0.1564,0.162,0.1697,0.1791,0.2074,0.2183,0.2288,0.2384,0.2467,0.2512,0.2535,0.2535,0.2512,0.2467,0.2384,0.2288,0.2183,0.2074,0.1791,0.1697,0.162,0.1564
0.1564,0.162,0.1697,0.1791,0.2074,0.2183,0.2288,0.2384,0.2467,0.2512,0.2535,0.2535,0.2512,0.2467,0.2384,0.2288,0.2183,0.2074,0.1791,0.1697,0.162,0.1564
0.1564,0.162,0.1697,0.1791,0.2074,0.2183,0.2288,0.2384,0.2467,0.2512,0.2535,0.2535,0.2512,0.2467,0.2384,0.2288,0.2183,0.2074,0.1791,0.1697,0.162,0.1564
0.2071,0.2077,0.1866,0.191,0.217,0.2195,0.2191,0.2237,0.2279,0.2289,0.2038,0.2275,0.2271,0.2258,0.2008,0.2254,0.221,0.2162,0.2141,0.2149,0.1891,0.1852
0.1239,0.1344,0.1618,0.1744,0.2044,0.2207,0.2361,0.2483,0.2586,0.2646,0.2675,0.267,0.2631,0.2565,0.2457,0.2312,0.2154,0.2011,0.1713,0.1428,0.1304,0.1398
0.1848,0.2095,0.2113,0.2134,0.2155,0.2199,0.2215,0.2228,0.2237,0.2242,0.2237,0.2228,0.2215,0.2199,0.2155,0.2134,0.2113,0.2095,0.1848,0.2049,0.2047,0.2049
0.092,0.1067,0.1345,0.1644,0.1958,0.2175,0.2379,0.2551,0.2682,0.2767,0.2811,0.2811,0.2767,0.2682,0.2551,0.2379,0.2175,0.1958,0.1644,0.1345,0.1067,0.092
0.1565,0.1588,0.1696,0.1794,0.2086,0.1903,0.2297,0.2406,0.25,0.2331,0.2622,0.2632,0.2592,0.2547,0.2487,0.238,0.2072,0.2113,0.1815,0.1707,0.1372,0.1571
0.2132,0.2132,0.2132,0.2132,0.2132,0.2132,0.2132,0.2132,0.2132,0.2132,0.2132,0.2132,0.2132,0.2132,0.2132,0.2132,0.2132,0.2132,0.2132,0.2132,0.2132,0.2132
0.2132,0.2132,0.2132,0.2132,0.2132,0.2132,0.2132,0.2132,0.2132,0.2132,0.2132,0.2132,0.2132,0.2132,0.2132,0.2132,0.2132,0.2132,0.2132,0.2132,0.2132,0.2132
0.1564,0.162,0.1697,0.1791,0.2074,0.2183,0.2288,0.2384,0.2467,0.2512,0.2535,0.2535,0.2512,0.2467,0.2384,0.2288,0.2183,0.2074,0.1791,0.1697,0.162,0.1564
0.1159,0.1265,0.1404,0.1696,0.2002,0.2181,0.2352,0.2506,0.2623,0.2695,0.2733,0.2733,0.2695,0.2623,0.2506,0.2352,0.2181,0.2002,0.1696,0.1404,0.1265,0.1159
0.1564,0.162,0.1697,0.1791,0.2074,0.2183,0.2288,0.2384,0.2467,0.2512,0.2535,0.2535,0.2512,0.2467,0.2384,0.2288,0.2183,0.2074,0.1791,0.1697,0.162,0.1564
0.1564,0.162,0.1697,0.1791,0.2074,0.2183,0.2288,0.2384,0.2467,0.2512,0.2535,0.2535,0.2512,0.2467,0.2384,0.2288,0.2183,0.2074,0.1791,0.1697,0.162,0.1564
0.2132,0.2132,0.2132,0.2132,0.2132,0.2132,0.2132,0.2132,0.2132,0.2132,0.2132,0.2132,0.2132,0.2132,0.2132,0.2132,0.2132,0.2132,0.2132,0.2132,0.2132,0.2132
0.1398,0.1304,0.1428,0.1713,0.2011,0.2154,0.2312,0.2457,0.2565,0.2631,0.267,0.2675,0.2646,0.2586,0.2483,0.2361,0.2207,0.2044,0.1744,0.1618,0.1344,0.1239
0.1159,0.1265,0.1404,0.1696,0.2002,0.2181,0.2352,0.2506,0.2623,0.2695,0.2733,0.2733,0.2695,0.2623,0.2506,0.2352,0.2181,0.2002,0.1696,0.1404,0.1265,0.1159
0.1564,0.162,0.1697,0.1791,0.2074,0.2183,0.2288,0.2384,0.2467,0.2512,0.2535,0.2535,0.2512,0.2467,0.2384,0.2288,0.2183,0.2074,0.1791,0.1697,0.162,0.1564
0.2132,0.2132,0.2132,0.2132,0.2132,0.2132,0.2132,0.2132,0.2132,0.2132,0.2132,0.2132,0.2132,0.2132,0.2132,0.2132,0.2132,0.2132,0.2132,0.2132,0.2132,0.2132
0.1564,0.162,0.1697,0.1791,0.2074,0.2183,0.2288,0.2384,0.2467,0.2512,0.2535,0.2535,0.2512,0.2467,0.2384,0.2288,0.2183,0.2074,0.1791,0.1697,0.162,0.1564
0.1564,0.162,0.1697,0.1791,0.2074,0.2183,0.2288,0.2384,0.2467,0.2512,0.2535,0.2535,0.2512,0.2467,0.2384,0.2288,0.2183,0.2074,0.1791,0.1697,0.162,0.1564
0.1863,0.1666,0.1722,0.1794,0.2064,0.2126,0.2213,0.2296,0.2369,0.2408,0.2436,0.2446,0.2436,0.2408,0.2369,0.2296,0.2213,0.2126,0.2064,0.1794,0.1722,0.1666
0.2132,0.2132,0.2132,0.2132,0.2132,0.2132,0.2132,0.2132,0.2132,0.2132,0.2132,0.2132,0.2132,0.2132,0.2132,0.2132,0.2132,0.2132,0.2132,0.2132,0.2132,0.2132
0.1797,0.187,0.2151,0.2238,0.2296,0.2087,0.2416,0.2449,0.2463,0.2222,0.2483,0.243,0.236,0.2306,0.2249,0.1961,0.1847,0.1999,0.1731,0.1451,0.1703,0.1963
0.1159,0.1265,0.1404,0.1696,0.2002,0.2181,0.2352,0.2506,0.2623,0.2695,0.2733,0.2733,0.2695,0.2623,0.2506,0.2352,0.2181,0.2002,0.1696,0.1404,0.1265,0.1159
0.2132,0.2132,0.2132,0.2132,0.2132,0.2132,0.2132,0.2132,0.2132,0.2132,0.2132,0.2132,0.2132,0.2132,0.2132,0.2132,0.2132,0.2132,0.2132,0.2132,0.2132,0.2132
0.2467,0.211,0.2291,0.2244,0.1903,0.189,0.2094,0.2032,0.1974,0.1992,0.1774,0.1751,0.1744,0.2055,0.1896,0.1971,0.2052,0.262,0.2383,0.2408,0.2445,0.2467
0.1159,0.1265,0.1404,0.1696,0.2002,0.2181,0.2352,0.2506,0.2623,0.2695,0.2733,0.2733,0.2695,0.2623,0.2506,0.2352,0.2181,0.2002,0.1696,0.1404,0.1265,0.1159
0.1564,0.162,0.1697,0.1791,0.2074,0.2183,0.2288,0.2384,0.2467,0.2512,0.2535,0.2535,0.2512,0.2467,0.2384,0.2288,0.2183,0.2074,0.1791,0.1697,0.162,0.1564
0.1564,0.162,0.1697,0.1791,0.2074,0.2183,0.2288,0.2384,0.2467,0.2512,0.2535,0.2535,0.2512,0.2467,0.2384,0.2288,0.2183,0.2074,0.1791,0.1697,0.162,0.1564
0.2132,0.2132,0.2132,0.2132,0.2132,0.2132,0.2132,0.2132,0.2132,0.2132,0.2132,0.2132,0.2132,0.2132,0.2132,0.2132,0.2132,0.2132,0.2132,0.2132,0.2132,0.2132
0.092,0.1067,0.1345,0.1644,0.1958,0.2175,0.2379,0.2551,0.2682,0.2767,0.2811,0.2811,0.2767,0.2682,0.2551,0.2379,0.2175,0.1958,0.1644,0.1345,0.1067,0.092
0.1762,0.1814,0.2071,0.2111,0.2153,0.2219,0.2279,0.2308,0.233,0.2345,0.2345,0.233,0.2308,0.2279,0.2219,0.2153,0.2111,0.2071,0.1814,0.1762,0.1958,0.1958
0.2494,0.2451,0.2394,0.2355,0.2305,0.2011,0.1929,0.1857,0.1794,0.1751,0.1779,0.1825,0.1852,0.2096,0.2169,0.2243,0.2029,0.2068,0.2377,0.241,0.2189,0.2223
0.1893,0.1937,0.2174,0.2165,0.2216,0.2265,0.2039,0.2027,0.2295,0.2308,0.2073,0.21,0.2364,0.2328,0.2284,0.2263,0.2263,0.1987,0.1933,0.1887,0.2103,0.1859
0.1564,0.162,0.1697,0.1791,0.2074,0.2183,0.2288,0.2384,0.2467,0.2512,0.2535,0.2535,0.2512,0.2467,0.2384,0.2288,0.2183,0.2074,0.1791,0.1697,0.162,0.1564
0.1564,0.162,0.1697,0.1791,0.2074,0.2183,0.2288,0.2384,0.2467,0.2512,0.2535,0.2535,0.2512,0.2467,0.2384,0.2288,0.2183,0.2074,0.1791,0.1697,0.162,0.1564
0.1564,0.162,0.1697,0.1791,0.2074,0.2183,0.2288,0.2384,0.2467,0.2512,0.2535,0.2535,0.2512,0.2467,0.2384,0.2288,0.2183,0.2074,0.1791,0.1697,0.162,0.1564
0.1564,0.162,0.1697,0.1791,0.2074,0.2183,0.2288,0.2384,0.2467,0.2512,0.2535,0.2535,0.2512,0.2467,0.2384,0.2288,0.2183,0.2074,0.1791,0.1697,0.162,0.1564
0.2132,0.2132,0.2132,0.2132,0.2132,0.2132,0.2132,0.2132,0.2132,0.2132,0.2132,0.2132,0.2132,0.2132,0.2132,0.2132,0.2132,0.2132,0.2132,0.2132,0.2132,0.2132
0.1666,0.1722,0.1794,0.2064,0.2126,0.2213,0.2296,0.2369,0.2408,0.2436,0.2446,0.2436,0.2408,0.2369,0.2296,0.2213,0.2126,0.2064,0.1794,0.1722,0.1666,0.1863
0.1564,0.162,0.1697,0.1791,0.2074,0.2183,0.2288,0.2384,0.2467,0.2512,0.2535,0.2535,0.2512,0.2467,0.2384,0.2288,0.2183,0.2074,0.1791,0.1697,0.162,0.1564
0.1564,0.162,0.1697,0.1791,0.2074,0.2183,0.2288,0.2384,0.2467,0.2512,0.2535,0.2535,0.2512,0.2467,0.2384,0.2288,0.2183,0.2074,0.1791,0.1697,0.162,0.1564
0.1564,0.162,0.1697,0.1791,0.2074,0.2183,0.2288,0.2384,0.2467,0.2512,0.2535,0.2535,0.2512,0.2467,0.2384,0.2288,0.2183,0.2074,0.1791,0.1697,0.162,0.1564
0.1564,0.162,0.1697,0.1791,0.2074,0.2183,0.2288,0.2384,0.2467,0.2512,0.2535,0.2535,0.2512,0.2467,0.2384,0.2288,0.2183,0.2074,0.1791,0.1697,0.162,0.1564
0.1159,0.1265,0.1404,0.1696,0.2002,0.2181,0.2352,0.2506,0.2623,0.2695,0.2733,0.2733,0.2695,0.2623,0.2506,0.2352,0.2181,0.2002,0.1696,0.1404,0.1265,0.1159
0.1159,0.1265,0.1404,0.1696,0.2002,0.2181,0.2352,0.2506,0.2623,0.2695,0.2733,0.2733,0.2695,0.2623,0.2506,0.2352,0.2181,0.2002,0.1696,0.1404,0.1265,0.1159
0.1564,0.162,0.1697,0.1791,0.2074,0.2183,0.2288,0.2384,0.2467,0.2512,0.2535,0.2535,0.2512,0.2467,0.2384,0.2288,0.2183,0.2074,0.1791,0.1697,0.162,0.1564
0.2132,0.2132,0.2132,0.2132,0.2132,0.2132,0.2132,0.2132,0.2132,0.2132,0.2132,0.2132,0.2132,0.2132,0.2132,0.2132,0.2132,0.2132,0.2132,0.2132,0.2132,0.2132
0.1564,0.162,0.1697,0.1791,0.2074,0.2183,0.2288,0.2384,0.2467,0.2512,0.2535,0.2535,0.2512,0.2467,0.2384,0.2288,0.2183,0.2074,0.1791,0.1697,0.162,0.1564
0.1564,0.162,0.1697,0.1791,0.2074,0.2183,0.2288,0.2384,0.2467,0.2512,0.2535,0.2535,0.2512,0.2467,0.2384,0.2288,0.2183,0.2074,0.1791,0.1697,0.162,0.1564
0.1564,0.162,0.1697,0.1791,0.2074,0.2183,0.2288,0.2384,0.2467,0.2512,0.2535,0.2535,0.2512,0.2467,0.2384,0.2288,0.2183,0.2074,0.1791,0.1697,0.162,0.1564
0.1564,0.162,0.1697,0.1791,0.2074,0.2183,0.2288,0.2384,0.2467,0.2512,0.2535,0.2535,0.2512,0.2467,0.2384,0.2288,0.2183,0.2074,0.1791,0.1697,0.162,0.1564
0.2132,0.2132,0.2132,0.2132,0.2132,0.2132,0.2132,0.2132,0.2132,0.2132,0.2132,0.2132,0.2132,0.2132,0.2132,0.2132,0.2132,0.2132,0.2132,0.2132,0.2132,0.2132
0.2132,0.2132,0.2132,0.2132,0.2132,0.2132,0.2132,0.2132,0.2132,0.2132,0.2132,0.2132,0.2132,0.2132,0.2132,0.2132,0.2132,0.2132,0.2132,0.2132,0.2132,0.2132
0.1564,0.162,0.1697,0.1791,0.2074,0.2183,0.2288,0.2384,0.2467,0.2512,0.2535,0.2535,0.2512,0.2467,0.2384,0.2288,0.2183,0.2074,0.1791,0.1697,0.162,0.1564
0.1887,0.1933,0.1987,0.2263,0.2263,0.2284,0.2328,0.2364,0.21,0.2073,0.2308,0.2295,0.2027,0.2039,0.2265,0.2216,0.2165,0.2174,0.1937,0.1893,0.1859,0.2103
0.2132,0.2132,0.2132,0.2132,0.2132,0.2132,0.2132,0.2132,0.2132,0.2132,0.2132,0.2132,0.2132,0.2132,0.2132,0.2132,0.2132,0.2132,0.2132,0.2132,0.2132,0.2132
0.1159,0.1265,0.1404,0.1696,0.2002,0.2181,0.2352,0.2506,0.2623,0.2695,0.2733,0.2733,0.2695,0.2623,0.2506,0.2352,0.2181,0.2002,0.1696,0.1404,0.1265,0.1159
0.1564,0.162,0.1697,0.1791,0.2074,0.2183,0.2288,0.2384,0.2467,0.2512,0.2535,0.2535,0.2512,0.2467,0.2384,0.2288,0.2183,0.2074,0.1791,0.1697,0.162,0.1564
0.1564,0.162,0.1697,0.1791,0.2074,0.2183,0.2288,0.2384,0.2467,0.2512,0.2535,0.2535,0.2512,0.2467,0.2384,0.2288,0.2183,0.2074,0.1791,0.1697,0.162,0.1564
0.2132,0.2132,0.2132,0.2132,0.2132,0.2132,0.2132,0.2132,0.2132,0.2132,0.2132,0.2132,0.2132,0.2132,0.2132,0.2132,0.2132,0.2132,0.2132,0.2132,0.2132,0.2132
0.1564,0.162,0.1697,0.1791,0.2074,0.2183,0.2288,0.2384,0.2467,0.2512,0.2535,0.2535,0.2512,0.2467,0.2384,0.2288,0.2183,0.2074,0.1791,0.1697,0.162,0.1564
0.1564,0.162,0.1697,0.1791,0.2074,0.2183,0.2288,0.2384,0.2467,0.2512,0.2535,0.2535,0.2512,0.2467,0.2384,0.2288,0.2183,0.2074,0.1791,0.1697,0.162,0.1564
0.1564,0.162,0.1697,0.1791,0.2074,0.2183,0.2288,0.2384,0.2467,0.2512,0.2535,0.2535,0.2512,0.2467,0.2384,0.2288,0.2183,0.2074,0.1791,0.1697,0.162,0.1564
0.2132,0.2132,0.2132,0.2132,0.2132,0.2132,0.2132,0.2132,0.2132,0.2132,0.2132,0.2132,0.2132,0.2132,0.2132,0.2132,0.2132,0.2132,0.2132,0.2132,0.2132,0.2132
0.1863,0.1666,0.1722,0.1794,0.2064,0.2126,0.2213,0.2296,0.2369,0.2408,0.2436,0.2446,0.2436,0.2408,0.2369,0.2296,0.2213,0.2126,0.2064,0.1794,0.1722,0.1666
0.1564,0.162,0.1697,0.1791,0.2074,0.2183,0.2288,0.2384,0.2467,0.2512,0.2535,0.2535,0.2512,0.2467,0.2384,0.2288,0.2183,0.2074,0.1791,0.1697,0.162,0.1564
0.2289,0.2279,0.2237,0.2191,0.2195,0.217,0.191,0.1866,0.2077,0.2071,0.1852,0.1891,0.2149,0.2141,0.2162,0.221,0.2254,0.2008,0.2258,0.2271,0.2275,0.2038
0.1564,0.162,0.1697,0.1791,0.2074,0.2183,0.2288,0.2384,0.2467,0.2512,0.2535,0.2535,0.2512,0.2467,0.2384,0.2288,0.2183,0.2074,0.1791,0.1697,0.162,0.1564
0.1564,0.162,0.1697,0.1791,0.2074,0.2183,0.2288,0.2384,0.2467,0.2512,0.2535,0.2535,0.2512,0.2467,0.2384,0.2288,0.2183,0.2074,0.1791,0.1697,0.162,0.1564
0.1564,0.162,0.1697,0.1791,0.2074,0.2183,0.2288,0.2384,0.2467,0.2512,0.2535,0.2535,0.2512,0.2467,0.2384,0.2288,0.2183,0.2074,0.1791,0.1697,0.162,0.1564
0.1564,0.162,0.1697,0.1791,0.2074,0.2183,0.2288,0.2384,0.2467,0.2512,0.2535,0.2535,0.2512,0.2467,0.2384,0.2288,0.2183,0.2074,0.1791,0.1697,0.162,0.1564
0.1564,0.162,0.1697,0.1791,0.2074,0.2183,0.2288,0.2384,0.2467,0.2512,0.2535,0.2535,0.2512,0.2467,0.2384,0.2288,0.2183,0.2074,0.1791,0.1697,0.162,0.1564
0.1741,0.1814,0.2086,0.2172,0.2233,0.2312,0.2382,0.2417,0.2435,0.244,0.2426,0.2395,0.2329,0.2276,0.2193,0.2107,0.1834,0.1975,0.1715,0.1664,0.1659,0.1907
0.1159,0.1265,0.1404,0.1696,0.2002,0.2181,0.2352,0.2506,0.2623,0.2695,0.2733,0.2733,0.2695,0.2623,0.2506,0.2352,0.2181,0.2002,0.1696,0.1404,0.1265,0.1159
0.1159,0.1265,0.1404,0.1696,0.2002,0.2181,0.2352,0.2506,0.2623,0.2695,0.2733,0.2733,0.2695,0.2623,0.2506,0.2352,0.2181,0.2002,0.1696,0.1404,0.1265,0.1159
0.1159,0.1265,0.1404,0.1696,0.2002,0.2181,0.2352,0.2506,0.2623,0.2695,0.2733,0.2733,0.2695,0.2623,0.2506,0.2352,0.2181,0.2002,0.1696,0.1404,0.1265,0.1159
0.1564,0.162,0.1697,0.1791,0.2074,0.2183,0.2288,0.2384,0.2467,0.2512,0.2535,0.2535,0.2512,0.2467,0.2384,0.2288,0.2183,0.2074,0.1791,0.1697,0.162,0.1564
0.2095,0.1848,0.2049,0.2047,0.2049,0.1848,0.2095,0.2113,0.2134,0.2155,0.2199,0.2215,0.2228,0.2237,0.2242,0.2237,0.2228,0.2215,0.2199,0.2155,0.2134,0.2113
0.1939,0.1935,0.191,0.1655,0.1987,0.2054,0.2126,0.2197,0.2467,0.249,0.2498,0.2239,0.2223,0.2175,0.212,0.2064,0.2066,0.2043,0.2021,0.2257,0.2238,0.1987
0.2024,0.2002,0.1756,0.1756,0.2002,0.2024,0.1853,0.2114,0.2178,0.2216,0.2251,0.2304,0.2326,0.2334,0.2334,0.2326,0.2304,0.2251,0.2216,0.2178,0.2114,0.1853
0.1159,0.1265,0.1404,0.1696,0.2002,0.2181,0.2352,0.2506,0.2623,0.2695,0.2733,0.2733,0.2695,0.2623,0.2506,0.2352,0.2181,0.2002,0.1696,0.1404,0.1265,0.1159
0.2132,0.2132,0.2132,0.2132,0.2132,0.2132,0.2132,0.2132,0.2132,0.2132,0.2132,0.2132,0.2132,0.2132,0.2132,0.2132,0.2132,0.2132,0.2132,0.2132,0.2132,0.2132
0.2132,0.2132,0.2132,0.2132,0.2132,0.2132,0.2132,0.2132,0.2132,0.2132,0.2132,0.2132,0.2132,0.2132,0.2132,0.2132,0.2132,0.2132,0.2132,0.2132,0.2132,0.2132
0.1564,0.162,0.1697,0.1791,0.2074,0.2183,0.2288,0.2384,0.2467,0.2512,0.2535,0.2535,0.2512,0.2467,0.2384,0.2288,0.2183,0.2074,0.1791,0.1697,0.162,0.1564
0.2132,0.2132,0.2132,0.2132,0.2132,0.2132,0.2132,0.2132,0.2132,0.2132,0.2132,0.2132,0.2132,0.2132,0.2132,0.2132,0.2132,0.2132,0.2132,0.2132,0.2132,0.2132
0.1564,0.162,0.1697,0.1791,0.2074,0.2183,0.2288,0.2384,0.2467,0.2512,0.2535,0.2535,0.2512,0.2467,0.2384,0.2288,0.2183,0.2074,0.1791,0.1697,0.162,0.1564
0.1564,0.162,0.1697,0.1791,0.2074,0.2183,0.2288,0.2384,0.2467,0.2512,0.2535,0.2535,0.2512,0.2467,0.2384,0.2288,0.2183,0.2074,0.1791,0.1697,0.162,0.1564
0.1564,0.162,0.1697,0.1791,0.2074,0.2183,0.2288,0.2384,0.2467,0.2512,0.2535,0.2535,0.2512,0.2467,0.2384,0.2288,0.2183,0.2074,0.1791,0.1697,0.162,0.1564
0.1564,0.162,0.1697,0.1791,0.2074,0.2183,0.2288,0.2384,0.2467,0.2512,0.2535,0.2535,0.2512,0.2467,0.2384,0.2288,0.2183,0.2074,0.1791,0.1697,0.162,0.1564
0.1532,0.1413,0.1537,0.1823,0.2444,0.2268,0.237,0.2485,0.2563,0.2842,0.2301,0.254,0.2499,0.2433,0.2038,0.2417,0.2125,0.1986,0.1706,0.1648,0.1648,0.1289
0.1666,0.1722,0.1794,0.2064,0.2126,0.2213,0.2296,0.2369,0.2408,0.2436,0.2446,0.2436,0.2408,0.2369,0.2296,0.2213,0.2126,0.2064,0.1794,0.1722,0.1666,0.1863
0.1564,0.162,0.1697,0.1791,0.2074,0.2183,0.2288,0.2384,0.2467,0.2512,0.2535,0.2535,0.2512,0.2467,0.2384,0.2288,0.2183,0.2074,0.1791,0.1697,0.162,0.1564
0.1564,0.162,0.1697,0.1791,0.2074,0.2183,0.2288,0.2384,0.2467,0.2512,0.2535,0.2535,0.2512,0.2467,0.2384,0.2288,0.2183,0.2074,0.1791,0.1697,0.162,0.1564
0.1564,0.162,0.1697,0.1791,0.2074,0.2183,0.2288,0.2384,0.2467,0.2512,0.2535,0.2535,0.2512,0.2467,0.2384,0.2288,0.2183,0.2074,0.1791,0.1697,0.162,0.1564
0.1863,0.1666,0.1722,0.1794,0.2064,0.2126,0.2213,0.2296,0.2369,0.2408,0.2436,0.2446,0.2436,0.2408,0.2369,0.2296,0.2213,0.2126,0.2064,0.1794,0.1722,0.1666
0.1874,0.1897,0.1934,0.1949,0.2194,0.2215,0.2267,0.2036,0.2055,0.2049,0.2334,0.2106,0.2144,0.2179,0.2428,0.239,0.2373,0.2345,0.2085,0.2019,0.196,0.1908
0.2049,0.2047,0.2049,0.1848,0.2095,0.2113,0.2134,0.2155,0.2199,0.2215,0.2228,0.2237,0.2242,0.2237,0.2228,0.2215,0.2199,0.2155,0.2134,0.2113,0.2095,0.1848
0.1564,0.162,0.1697,0.1791,0.2074,0.2183,0.2288,0.2384,0.2467,0.2512,0.2535,0.2535,0.2512,0.2467,0.2384,0.2288,0.2183,0.2074,0.1791,0.1697,0.162,0.1564
0.1159,0.1265,0.1404,0.1696,0.2002,0.2181,0.2352,0.2506,0.2623,0.2695,0.2733,0.2733,0.2695,0.2623,0.2506,0.2352,0.2181,0.2002,0.1696,0.1404,0.1265,0.1159
0.1564,0.162,0.1697,0.1791,0.2074,0.2183,0.2288,0.2384,0.2467,0.2512,0.2535,0.2535,0.2512,0.2467,0.2384,0.2288,0.2183,0.2074,0.1791,0.1697,0.162,0.1564
0.1564,0.162,0.1697,0.1791,0.2074,0.2183,0.2288,0.2384,0.2467,0.2512,0.2535,0.2535,0.2512,0.2467,0.2384,0.2288,0.2183,0.2074,0.1791,0.1697,0.162,0.1564
0.1564,0.162,0.1697,0.1791,0.2074,0.2183,0.2288,0.2384,0.2467,0.2512,0.2535,0.2535,0.2512,0.2467,0.2384,0.2288,0.2183,0.2074,0.1791,0.1697,0.162,0.1564
0.1564,0.162,0.1697,0.1791,0.2074,0.2183,0.2288,0.2384,0.2467,0.2512,0.2535,0.2535,0.2512,0.2467,0.2384,0.2288,0.2183,0.2074,0.1791,0.1697,0.162,0.1564
0.1564,0.162,0.1697,0.1791,0.2074,0.2183,0.2288,0.2384,0.2467,0.2512,0.2535,0.2535,0.2512,0.2467,0.2384,0.2288,0.2183,0.2074,0.1791,0.1697,0.162,0.1564
0.1848,0.2095,0.2113,0.2134,0.2155,0.2199,0.2215,0.2228,0.2237,0.2242,0.2237,0.2228,0.2215,0.2199,0.2155,0.2134,0.2113,0.2095,0.1848,0.2049,0.2047,0.2049
0.1924,0.2206,0.2007,0.2061,0.2115,0.2398,0.2387,0.2394,0.2387,0.2398,0.2115,0.2061,0.2007,0.2206,0.1924,0.1935,0.1926,0.2154,0.2121,0.2154,0.1926,0.1935
0.1564,0.162,0.1697,0.1791,0.2074,0.2183,0.2288,0.2384,0.2467,0.2512,0.2535,0.2535,0.2512,0.2467,0.2384,0.2288,0.2183,0.2074,0.1791,0.1697,0.162,0.1564
0.1159,0.1265,0.1404,0.1696,0.2002,0.2181,0.2352,0.2506,0.2623,0.2695,0.2733,0.2733,0.2695,0.2623,0.2506,0.2352,0.2181,0.2002,0.1696,0.1404,0.1265,0.1159
0.1159,0.1265,0.1404,0.1696,0.2002,0.2181,0.2352,0.2506,0.2623,0.2695,0.2733,0.2733,0.2695,0.2623,0.2506,0.2352,0.2181,0.2002,0.1696,0.1404,0.1265,0.1159
0.092,0.1067,0.1345,0.1644,0.1958,0.2175,0.2379,0.2551,0.2682,0.2767,0.2811,0.2811,0.2767,0.2682,0.2551,0.2379,0.2175,0.1958,0.1644,0.1345,0.1067,0.092
0.2132,0.2132,0.2132,0.2132,0.2132,0.2132,0.2132,0.2132,0.2132,0.2132,0.2132,0.2132,0.2132,0.2132,0.2132,0.2132,0.2132,0.2132,0.2132,0.2132,0.2132,0.2132
0.1564,0.162,0.1697,0.1791,0.2074,0.2183,0.2288,0.2384,0.2467,0.2512,0.2535,0.2535,0.2512,0.2467,0.2384,0.2288,0.2183,0.2074,0.1791,0.1697,0.162,0.1564
0.1159,0.1265,0.1404,0.1696,0.2002,0.2181,0.2352,0.2506,0.2623,0.2695,0.2733,0.2733,0.2695,0.2623,0.2506,0.2352,0.2181,0.2002,0.1696,0.1404,0.1265,0.1159
0.1564,0.162,0.1697,0.1791,0.2074,0.2183,0.2288,0.2384,0.2467,0.2512,0.2535,0.2535,0.2512,0.2467,0.2384,0.2288,0.2183,0.2074,0.1791,0.1697,0.162,0.1564
0.2132,0.2132,0.2132,0.2132,0.2132,0.2132,0.2132,0.2132,0.2132,0.2132,0.2132,0.2132,0.2132,0.2132,0.2132,0.2132,0.2132,0.2132,0.2132,0.2132,0.2132,0.2132
0.1564,0.162,0.1697,0.1791,0.2074,0.2183,0.2288,0.2384,0.2467,0.2512,0.2535,0.2535,0.2512,0.2467,0.2384,0.2288,0.2183,0.2074,0.1791,0.1697,0.162,0.1564
0.1564,0.162,0.1697,0.1791,0.2074,0.2183,0.2288,0.2384,0.2467,0.2512,0.2535,0.2535,0.2512,0.2467,0.2384,0.2288,0.2183,0.2074,0.1791,0.1697,0.162,0.1564
0.1564,0.162,0.1697,0.1791,0.2074,0.2183,0.2288,0.2384,0.2467,0.2512,0.2535,0.2535,0.2512,0.2467,0.2384,0.2288,0.2183,0.2074,0.1791,0.1697,0.162,0.1564
0.1564,0.162,0.1697,0.1791,0.2074,0.2183,0.2288,0.2384,0.2467,0.2512,0.2535,0.2535,0.2512,0.2467,0.2384,0.2288,0.2183,0.2074,0.1791,0.1697,0.162,0.1564
0.1564,0.162,0.1697,0.1791,0.2074,0.2183,0.2288,0.2384,0.2467,0.2512,0.2535,0.2535,0.2512,0.2467,0.2384,0.2288,0.2183,0.2074,0.1791,0.1697,0.162,0.1564
0.1564,0.162,0.1697,0.1791,0.2074,0.2183,0.2288,0.2384,0.2467,0.2512,0.2535,0.2535,0.2512,0.2467,0.2384,0.2288,0.2183,0.2074,0.1791,0.1697,0.162,0.1564
0.1564,0.162,0.1697,0.1791,0.2074,0.2183,0.2288,0.2384,0.2467,0.2512,0.2535,0.2535,0.2512,0.2467,0.2384,0.2288,0.2183,0.2074,0.1791,0.1697,0.162,0.1564
0.1159,0.1265,0.1404,0.1696,0.2002,0.2181,0.2352,0.2506,0.2623,0.2695,0.2733,0.2733,0.2695,0.2623,0.2506,0.2352,0.2181,0.2002,0.1696,0.1404,0.1265,0.1159
0.1564,0.162,0.1697,0.1791,0.2074,0.2183,0.2288,0.2384,0.2467,0.2512,0.2535,0.2535,0.2512,0.2467,0.2384,0.2288,0.2183,0.2074,0.1791,0.1697,0.162,0.1564
0.1564,0.162,0.1697,0.1791,0.2074,0.2183,0.2288,0.2384,0.2467,0.2512,0.2535,0.2535,0.2512,0.2467,0.2384,0.2288,0.2183,0.2074,0.1791,0.1697,0.162,0.1564
0.1666,0.1722,0.1794,0.2064,0.2126,0.2213,0.2296,0.2369,0.2408,0.2436,0.2446,0.2436,0.2408,0.2369,0.2296,0.2213,0.2126,0.2064,0.1794,0.1722,0.1666,0.1863
0.2657,0.2642,0.2625,0.2842,0.2544,0.2118,0.1997,0.1876,0.1637,0.1598,0.1582,0.1559,0.1761,0.1785,0.186,0.1677,0.1744,0.1839,0.2248,0.2144,0.2575,0.2657
0.2132,0.2132,0.2132,0.2132,0.2132,0.2132,0.2132,0.2132,0.2132,0.2132,0.2132,0.2132,0.2132,0.2132,0.2132,0.2132,0.2132,0.2132,0.2132,0.2132,0.2132,0.2132
0.1863,0.1666,0.1722,0.1794,0.2064,0.2126,0.2213,0.2296,0.2369,0.2408,0.2436,0.2446,0.2436,0.2408,0.2369,0.2296,0.2213,0.2126,0.2064,0.1794,0.1722,0.1666
0.1779,0.1825,0.1852,0.2096,0.2169,0.2243,0.2029,0.2068,0.2377,0.241,0.2189,0.2223,0.2494,0.2451,0.2394,0.2355,0.2305,0.2011,0.1929,0.1857,0.1794,0.1751
0.1647,0.1687,0.1747,0.179,0.2069,0.2162,0.2254,0.2051,0.2397,0.2447,0.2478,0.2252,0.2519,0.2496,0.2434,0.2357,0.2297,0.2199,0.1909,0.1818,0.174,0.1676
0.0985,0.1507,0.1374,0.1649,0.1941,0.2129,0.2434,0.2409,0.2552,0.2628,0.267,0.2661,0.2899,0.2607,0.2499,0.2353,0.2177,0.231,0.1681,0.1395,0.1126,0.1162
0.1317,0.1573,0.1665,0.1776,0.2068,0.2215,0.2335,0.2443,0.2534,0.2586,0.2609,0.2603,0.2571,0.2513,0.2416,0.2284,0.2161,0.2035,0.1745,0.1466,0.1536,0.1479
0.1564,0.162,0.1697,0.1791,0.2074,0.2183,0.2288,0.2384,0.2467,0.2512,0.2535,0.2535,0.2512,0.2467,0.2384,0.2288,0.2183,0.2074,0.1791,0.1697,0.162,0.1564
0.1159,0.1265,0.1404,0.1696,0.2002,0.2181,0.2352,0.2506,0.2623,0.2695,0.2733,0.2733,0.2695,0.2623,0.2506,0.2352,0.2181,0.2002,0.1696,0.1404,0.1265,0.1159
0.1244,0.1545,0.1485,0.1778,0.1937,0.2251,0.2386,0.2495,0.2594,0.2667,0.2691,0.241,0.2621,0.256,0.2456,0.2048,0.2234,0.208,0.1779,0.1637,0.1577,0.1314
0.1159,0.1265,0.1404,0.1696,0.2002,0.2181,0.2352,0.2506,0.2623,0.2695,0.2733,0.2733,0.2695,0.2623,0.2506,0.2352,0.2181,0.2002,0.1696,0.1404,0.1265,0.1159
0.1098,0.1094,0.137,0.1664,0.1974,0.2165,0.2361,0.2525,0.265,0.273,0.2773,0.2774,0.2735,0.2658,0.2535,0.2372,0.2192,0.1986,0.1675,0.1379,0.123,0.0974
0.1564,0.162,0.1697,0.1791,0.2074,0.2183,0.2288,0.2384,0.2467,0.2512,0.2535,0.2535,0.2512,0.2467,0.2384,0.2288,0.2183,0.2074,0.1791,0.1697,0.162,0.1564
0.1564,0.162,0.1697,0.1791,0.2074,0.2183,0.2288,0.2384,0.2467,0.2512,0.2535,0.2535,0.2512,0.2467,0.2384,0.2288,0.2183,0.2074,0.1791,0.1697,0.162,0.1564
0.1564,0.162,0.1697,0.1791,0.2074,0.2183,0.2288,0.2384,0.2467,0.2512,0.2535,0.2535,0.2512,0.2467,0.2384,0.2288,0.2183,0.2074,0.1791,0.1697,0.162,0.1564
0.1666,0.1722,0.1794,0.2064,0.2126,0.2213,0.2296,0.2369,0.2408,0.2436,0.2446,0.2436,0.2408,0.2369,0.2296,0.2213,0.2126,0.2064,0.1794,0.1722,0.1666,0.1863
0.0788,0.1044,0.1324,0.1625,0.1941,0.2176,0.2386,0.2563,0.27,0.2789,0.2835,0.2835,0.2789,0.27,0.2563,0.2386,0.2176,0.1941,0.1625,0.1324,0.1044,0.0788
0.1848,0.2095,0.2113,0.2134,0.2155,0.2199,0.2215,0.2228,0.2237,0.2242,0.2237,0.2228,0.2215,0.2199,0.2155,0.2134,0.2113,0.2095,0.1848,0.2049,0.2047,0.2049
0.1564,0.162,0.1697,0.1791,0.2074,0.2183,0.2288,0.2384,0.2467,0.2512,0.2535,0.2535,0.2512,0.2467,0.2384,0.2288,0.2183,0.2074,0.1791,0.1697,0.162,0.1564
0.1564,0.162,0.1697,0.1791,0.2074,0.2183,0.2288,0.2384,0.2467,0.2512,0.2535,0.2535,0.2512,0.2467,0.2384,0.2288,0.2183,0.2074,0.1791,0.1697,0.162,0.1564
0.1564,0.162,0.1697,0.1791,0.2074,0.2183,0.2288,0.2384,0.2467,0.2512,0.2535,0.2535,0.2512,0.2467,0.2384,0.2288,0.2183,0.2074,0.1791,0.1697,0.162,0.1564
0.1564,0.162,0.1697,0.1791,0.2074,0.2183,0.2288,0.2384,0.2467,0.2512,0.2535,0.2535,0.2512,0.2467,0.2384,0.2288,0.2183,0.2074,0.1791,0.1697,0.162,0.1564
0.1159,0.1265,0.1404,0.1696,0.2002,0.2181,0.2352,0.2506,0.2623,0.2695,0.2733,0.2733,0.2695,0.2623,0.2506,0.2352,0.2181,0.2002,0.1696,0.1404,0.1265,0.1159
0.1564,0.162,0.1697,0.1791,0.2074,0.2183,0.2288,0.2384,0.2467,0.2512,0.2535,0.2535,0.2512,0.2467,0.2384,0.2288,0.2183,0.2074,0.1791,0.1697,0.162,0.1564
0.2132,0.2132,0.2132,0.2132,0.2132,0.2132,0.2132,0.2132,0.2132,0.2132,0.2132,0.2132,0.2132,0.2132,0.2132,0.2132,0.2132,0.2132,0.2132,0.2132,0.2132,0.2132
0.1784,0.1827,0.1885,0.1956,0.2209,0.2252,0.2321,0.2383,0.2153,0.2145,0.2414,0.2414,0.2145,0.2153,0.2383,0.2321,0.2252,0.2209,0.1956,0.1885,0.1827,0.1784
0.2132,0.2132,0.2132,0.2132,0.2132,0.2132,0.2132,0.2132,0.2132,0.2132,0.2132,0.2132,0.2132,0.2132,0.2132,0.2132,0.2132,0.2132,0.2132,0.2132,0.2132,0.2132
0.1564,0.162,0.1697,0.1791,0.2074,0.2183,0.2288,0.2384,0.2467,0.2512,0.2535,0.2535,0.2512,0.2467,0.2384,0.2288,0.2183,0.2074,0.1791,0.1697,0.162,0.1564
0.2132,0.2132,0.2132,0.2132,0.2132,0.2132,0.2132,0.2132,0.2132,0.2132,0.2132,0.2132,0.2132,0.2132,0.2132,0.2132,0.2132,0.2132,0.2132,0.2132,0.2132,0.2132
0.1958,0.1958,0.1762,0.1814,0.2071,0.2111,0.2153,0.2219,0.2279,0.2308,0.233,0.2345,0.2345,0.233,0.2308,0.2279,0.2219,0.2153,0.2111,0.2071,0.1814,0.1762
0.1958,0.1958,0.1762,0.1814,0.2071,0.2111,0.2153,0.2219,0.2279,0.2308,0.233,0.2345,0.2345,0.233,0.2308,0.2279,0.2219,0.2153,0.2111,0.2071,0.1814,0.1762
0.1564,0.162,0.1697,0.1791,0.2074,0.2183,0.2288,0.2384,0.2467,0.2512,0.2535,0.2535,0.2512,0.2467,0.2384,0.2288,0.2183,0.2074,0.1791,0.1697,0.162,0.1564
0.1564,0.162,0.1697,0.1791,0.2074,0.2183,0.2288,0.2384,0.2467,0.2512,0.2535,0.2535,0.2512,0.2467,0.2384,0.2288,0.2183,0.2074,0.1791,0.1697,0.162,0.1564
0.1564,0.162,0.1697,0.1791,0.2074,0.2183,0.2288,0.2384,0.2467,0.2512,0.2535,0.2535,0.2512,0.2467,0.2384,0.2288,0.2183,0.2074,0.1791,0.1697,0.162,0.1564
0.1564,0.162,0.1697,0.1791,0.2074,0.2183,0.2288,0.2384,0.2467,0.2512,0.2535,0.2535,0.2512,0.2467,0.2384,0.2288,0.2183,0.2074,0.1791,0.1697,0.162,0.1564
0.1479,0.1536,0.1466,0.1745,0.2035,0.2161,0.2284,0.2416,0.2513,0.2571,0.2603,0.2609,0.2586,0.2534,0.2443,0.2335,0.2215,0.2068,0.1776,0.1665,0.1573,0.1317
0.1564,0.162,0.1697,0.1791,0.2074,0.2183,0.2288,0.2384,0.2467,0.2512,0.2535,0.2535,0.2512,0.2467,0.2384,0.2288,0.2183,0.2074,0.1791,0.1697,0.162,0.1564
0.1159,0.1265,0.1404,0.1696,0.2002,0.2181,0.2352,0.2506,0.2623,0.2695,0.2733,0.2733,0.2695,0.2623,0.2506,0.2352,0.2181,0.2002,0.1696,0.1404,0.1265,0.1159
0.1564,0.162,0.1697,0.1791,0.2074,0.2183,0.2288,0.2384,0.2467,0.2512,0.2535,0.2535,0.2512,0.2467,0.2384,0.2288,0.2183,0.2074,0.1791,0.1697,0.162,0.1564
0.1564,0.162,0.1697,0.1791,0.2074,0.2183,0.2288,0.2384,0.2467,0.2512,0.2535,0.2535,0.2512,0.2467,0.2384,0.2288,0.2183,0.2074,0.1791,0.1697,0.162,0.1564
0.1564,0.162,0.1697,0.1791,0.2074,0.2183,0.2288,0.2384,0.2467,0.2512,0.2535,0.2535,0.2512,0.2467,0.2384,0.2288,0.2183,0.2074,0.1791,0.1697,0.162,0.1564
0.1564,0.162,0.1697,0.1791,0.2074,0.2183,0.2288,0.2384,0.2467,0.2512,0.2535,0.2535,0.2512,0.2467,0.2384,0.2288,0.2183,0.2074,0.1791,0.1697,0.162,0.1564
0.1564,0.162,0.1697,0.1791,0.2074,0.2183,0.2288,0.2384,0.2467,0.2512,0.2535,0.2535,0.2512,0.2467,0.2384,0.2288,0.2183,0.2074,0.1791,0.1697,0.162,0.1564
0.1564,0.162,0.1697,0.1791,0.2074,0.2183,0.2288,0.2384,0.2467,0.2512,0.2535,0.2535,0.2512,0.2467,0.2384,0.2288,0.2183,0.2074,0.1791,0.1697,0.162,0.1564
0.1564,0.162,0.1697,0.1791,0.2074,0.2183,0.2288,0.2384,0.2467,0.2512,0.2535,0.2535,0.2512,0.2467,0.2384,0.2288,0.2183,0.2074,0.1791,0.1697,0.162,0.1564
0.2132,0.2132,0.2132,0.2132,0.2132,0.2132,0.2132,0.2132,0.2132,0.2132,0.2132,0.2132,0.2132,0.2132,0.2132,0.2132,0.2132,0.2132,0.2132,0.2132,0.2132,0.2132
0.1159,0.1265,0.1404,0.1696,0.2002,0.2181,0.2352,0.2506,0.2623,0.2695,0.2733,0.2733,0.2695,0.2623,0.2506,0.2352,0.2181,0.2002,0.1696,0.1404,0.1265,0.1159
0.2132,0.2132,0.2132,0.2132,0.2132,0.2132,0.2132,0.2132,0.2132,0.2132,0.2132,0.2132,0.2132,0.2132,0.2132,0.2132,0.2132,0.2132,0.2132,0.2132,0.2132,0.2132
0.1848,0.2095,0.2113,0.2134,0.2155,0.2199,0.2215,0.2228,0.2237,0.2242,0.2237,0.2228,0.2215,0.2199,0.2155,0.2134,0.2113,0.2095,0.1848,0.2049,0.2047,0.2049
0.1666,0.1722,0.1794,0.2064,0.2126,0.2213,0.2296,0.2369,0.2408,0.2436,0.2446,0.2436,0.2408,0.2369,0.2296,0.2213,0.2126,0.2064,0.1794,0.1722,0.1666,0.1863
0.1762,0.1814,0.2071,0.2111,0.2153,0.2219,0.2279,0.2308,0.233,0.2345,0.2345,0.233,0.2308,0.2279,0.2219,0.2153,0.2111,0.2071,0.1814,0.1762,0.1958,0.1958
0.1564,0.162,0.1697,0.1791,0.2074,0.2183,0.2288,0.2384,0.2467,0.2512,0.2535,0.2535,0.2512,0.2467,0.2384,0.2288,0.2183,0.2074,0.1791,0.1697,0.162,0.1564
0.1159,0.1265,0.1404,0.1696,0.2002,0.2181,0.2352,0.2506,0.2623,0.2695,0.2733,0.2733,0.2695,0.2623,0.2506,0.2352,0.2181,0.2002,0.1696,0.1404,0.1265,0.1159
0.2132,0.2132,0.2132,0.2132,0.2132,0.2132,0.2132,0.2132,0.2132,0.2132,0.2132,0.2132,0.2132,0.2132,0.2132,0.2132,0.2132,0.2132,0.2132,0.2132,0.2132,0.2132
0.1564,0.162,0.1697,0.1791,0.2074,0.2183,0.2288,0.2384,0.2467,0.2512,0.2535,0.2535,0.2512,0.2467,0.2384,0.2288,0.2183,0.2074,0.1791,0.1697,0.162,0.1564
0.1564,0.162,0.1697,0.1791,0.2074,0.2183,0.2288,0.2384,0.2467,0.2512,0.2535,0.2535,0.2512,0.2467,0.2384,0.2288,0.2183,0.2074,0.1791,0.1697,0.162,0.1564
0.1564,0.162,0.1697,0.1791,0.2074,0.2183,0.2288,0.2384,0.2467,0.2512,0.2535,0.2535,0.2512,0.2467,0.2384,0.2288,0.2183,0.2074,0.1791,0.1697,0.162,0.1564
0.1564,0.162,0.1697,0.1791,0.2074,0.2183,0.2288,0.2384,0.2467,0.2512,0.2535,0.2535,0.2512,0.2467,0.2384,0.2288,0.2183,0.2074,0.1791,0.1697,0.162,0.1564
0.1564,0.162,0.1697,0.1791,0.2074,0.2183,0.2288,0.2384,0.2467,0.2512,0.2535,0.2535,0.2512,0.2467,0.2384,0.2288,0.2183,0.2074,0.1791,0.1697,0.162,0.1564
0.1564,0.162,0.1697,0.1791,0.2074,0.2183,0.2288,0.2384,0.2467,0.2512,0.2535,0.2535,0.2512,0.2467,0.2384,0.2288,0.2183,0.2074,0.1791,0.1697,0.162,0.1564
0.1564,0.162,0.1697,0.1791,0.2074,0.2183,0.2288,0.2384,0.2467,0.2512,0.2535,0.2535,0.2512,0.2467,0.2384,0.2288,0.2183,0.2074,0.1791,0.1697,0.162,0.1564
0.1564,0.162,0.1697,0.1791,0.2074,0.2183,0.2288,0.2384,0.2467,0.2512,0.2535,0.2535,0.2512,0.2467,0.2384,0.2288,0.2183,0.2074,0.1791,0.1697,0.162,0.1564
0.1564,0.162,0.1697,0.1791,0.2074,0.2183,0.2288,0.2384,0.2467,0.2512,0.2535,0.2535,0.2512,0.2467,0.2384,0.2288,0.2183,0.2074,0.1791,0.1697,0.162,0.1564
0.1564,0.162,0.1697,0.1791,0.2074,0.2183,0.2288,0.2384,0.2467,0.2512,0.2535,0.2535,0.2512,0.2467,0.2384,0.2288,0.2183,0.2074,0.1791,0.1697,0.162,0.1564
0.1762,0.1814,0.2071,0.2111,0.2153,0.2219,0.2279,0.2308,0.233,0.2345,0.2345,0.233,0.2308,0.2279,0.2219,0.2153,0.2111,0.2071,0.1814,0.1762,0.1958,0.1958
0.1666,0.1722,0.1794,0.2064,0.2126,0.2213,0.2296,0.2369,0.2408,0.2436,0.2446,0.2436,0.2408,0.2369,0.2296,0.2213,0.2126,0.2064,0.1794,0.1722,0.1666,0.1863
0.1564,0.162,0.1697,0.1791,0.2074,0.2183,0.2288,0.2384,0.2467,0.2512,0.2535,0.2535,0.2512,0.2467,0.2384,0.2288,0.2183,0.2074,0.1791,0.1697,0.162,0.1564
0.1564,0.162,0.1697,0.1791,0.2074,0.2183,0.2288,0.2384,0.2467,0.2512,0.2535,0.2535,0.2512,0.2467,0.2384,0.2288,0.2183,0.2074,0.1791,0.1697,0.162,0.1564
0.2497,0.2405,0.2298,0.1866,0.1681,0.1614,0.1562,0.1569,0.1799,0.1814,0.1845,0.1928,0.2018,0.1814,0.1891,0.2292,0.2363,0.2495,0.2553,0.2814,0.2554,0.2497
0.1564,0.162,0.1697,0.1791,0.2074,0.2183,0.2288,0.2384,0.2467,0.2512,0.2535,0.2535,0.2512,0.2467,0.2384,0.2288,0.2183,0.2074,0.1791,0.1697,0.162,0.1564
0.1317,0.1573,0.1665,0.1776,0.2068,0.2215,0.2335,0.2443,0.2534,0.2586,0.2609,0.2603,0.2571,0.2513,0.2416,0.2284,0.2161,0.2035,0.1745,0.1466,0.1536,0.1479
0.1659,0.1907,0.1741,0.1814,0.2086,0.2172,0.2233,0.2312,0.2382,0.2417,0.2435,0.244,0.2426,0.2395,0.2329,0.2276,0.2193,0.2107,0.1834,0.1975,0.1715,0.1664
0.2132,0.2132,0.2132,0.2132,0.2132,0.2132,0.2132,0.2132,0.2132,0.2132,0.2132,0.2132,0.2132,0.2132,0.2132,0.2132,0.2132,0.2132,0.2132,0.2132,0.2132,0.2132
0.2132,0.2132,0.2132,0.2132,0.2132,0.2132,0.2132,0.2132,0.2132,0.2132,0.2132,0.2132,0.2132,0.2132,0.2132,0.2132,0.2132,0.2132,0.2132,0.2132,0.2132,0.2132
0.1863,0.1666,0.1722,0.1794,0.2064,0.2126,0.2213,0.2296,0.2369,0.2408,0.2436,0.2446,0.2436,0.2408,0.2369,0.2296,0.2213,0.2126,0.2064,0.1794,0.1722,0.1666
0.1239,0.1344,0.1618,0.1744,0.2044,0.2207,0.2361,0.2483,0.2586,0.2646,0.2675,0.267,0.2631,0.2565,0.2457,0.2312,0.2154,0.2011,0.1713,0.1428,0.1304,0.1398
0.1699,0.1726,0.1799,0.2086,0.2183,0.1982,0.2048,0.2421,0.2479,0.2283,0.2332,0.2616,0.2575,0.2512,0.246,0.2392,0.2082,0.1946,0.1845,0.1754,0.1429,0.1659
0.1398,0.1304,0.1428,0.1713,0.2011,0.2154,0.2312,0.2457,0.2565,0.2631,0.267,0.2675,0.2646,0.2586,0.2483,0.2361,0.2207,0.2044,0.1744,0.1618,0.1344,0.1239
0.1159,0.1265,0.1404,0.1696,0.2002,0.2181,0.2352,0.2506,0.2623,0.2695,0.2733,0.2733,0.2695,0.2623,0.2506,0.2352,0.2181,0.2002,0.1696,0.1404,0.1265,0.1159
0.1159,0.1265,0.1404,0.1696,0.2002,0.2181,0.2352,0.2506,0.2623,0.2695,0.2733,0.2733,0.2695,0.2623,0.2506,0.2352,0.2181,0.2002,0.1696,0.1404,0.1265,0.1159
0.1159,0.1265,0.1404,0.1696,0.2002,0.2181,0.2352,0.2506,0.2623,0.2695,0.2733,0.2733,0.2695,0.2623,0.2506,0.2352,0.2181,0.2002,0.1696,0.1404,0.1265,0.1159
0.1159,0.1265,0.1404,0.1696,0.2002,0.2181,0.2352,0.2506,0.2623,0.2695,0.2733,0.2733,0.2695,0.2623,0.2506,0.2352,0.2181,0.2002,0.1696,0.1404,0.1265,0.1159
0.1098,0.1094,0.137,0.1664,0.1974,0.2165,0.2361,0.2525,0.265,0.273,0.2773,0.2774,0.2735,0.2658,0.2535,0.2372,0.2192,0.1986,0.1675,0.1379,0.123,0.0974
0.1564,0.162,0.1697,0.1791,0.2074,0.2183,0.2288,0.2384,0.2467,0.2512,0.2535,0.2535,0.2512,0.2467,0.2384,0.2288,0.2183,0.2074,0.1791,0.1697,0.162,0.1564
0.1564,0.162,0.1697,0.1791,0.2074,0.2183,0.2288,0.2384,0.2467,0.2512,0.2535,0.2535,0.2512,0.2467,0.2384,0.2288,0.2183,0.2074,0.1791,0.1697,0.162,0.1564
0.1564,0.162,0.1697,0.1791,0.2074,0.2183,0.2288,0.2384,0.2467,0.2512,0.2535,0.2535,0.2512,0.2467,0.2384,0.2288,0.2183,0.2074,0.1791,0.1697,0.162,0.1564
0.1564,0.162,0.1697,0.1791,0.2074,0.2183,0.2288,0.2384,0.2467,0.2512,0.2535,0.2535,0.2512,0.2467,0.2384,0.2288,0.2183,0.2074,0.1791,0.1697,0.162,0.1564
0.1332,0.1631,0.1719,0.1822,0.1963,0.2268,0.2383,0.2456,0.2541,0.2603,0.2618,0.2339,0.2546,0.2494,0.24,0.2016,0.2207,0.2094,0.1802,0.1677,0.1632,0.1575
0.1564,0.162,0.1697,0.1791,0.2074,0.2183,0.2288,0.2384,0.2467,0.2512,0.2535,0.2535,0.2512,0.2467,0.2384,0.2288,0.2183,0.2074,0.1791,0.1697,0.162,0.1564
0.1159,0.1265,0.1404,0.1696,0.2002,0.2181,0.2352,0.2506,0.2623,0.2695,0.2733,0.2733,0.2695,0.2623,0.2506,0.2352,0.2181,0.2002,0.1696,0.1404,0.1265,0.1159
0.1564,0.162,0.1697,0.1791,0.2074,0.2183,0.2288,0.2384,0.2467,0.2512,0.2535,0.2535,0.2512,0.2467,0.2384,0.2288,0.2183,0.2074,0.1791,0.1697,0.162,0.1564
0.1159,0.1265,0.1404,0.1696,0.2002,0.2181,0.2352,0.2506,0.2623,0.2695,0.2733,0.2733,0.2695,0.2623,0.2506,0.2352,0.2181,0.2002,0.1696,0.1404,0.1265,0.1159
0.1564,0.162,0.1697,0.1791,0.2074,0.2183,0.2288,0.2384,0.2467,0.2512,0.2535,0.2535,0.2512,0.2467,0.2384,0.2288,0.2183,0.2074,0.1791,0.1697,0.162,0.1564
0.1239,0.1344,0.1618,0.1744,0.2044,0.2207,0.2361,0.2483,0.2586,0.2646,0.2675,0.267,0.2631,0.2565,0.2457,0.2312,0.2154,0.2011,0.1713,0.1428,0.1304,0.1398
0.1564,0.162,0.1697,0.1791,0.2074,0.2183,0.2288,0.2384,0.2467,0.2512,0.2535,0.2535,0.2512,0.2467,0.2384,0.2288,0.2183,0.2074,0.1791,0.1697,0.162,0.1564
0.1159,0.1265,0.1404,0.1696,0.2002,0.2181,0.2352,0.2506,0.2623,0.2695,0.2733,0.2733,0.2695,0.2623,0.2506,0.2352,0.2181,0.2002,0.1696,0.1404,0.1265,0.1159
0.2132,0.2132,0.2132,0.2132,0.2132,0.2132,0.2132,0.2132,0.2132,0.2132,0.2132,0.2132,0.2132,0.2132,0.2132,0.2132,0.2132,0.2132,0.2132,0.2132,0.2132,0.2132
0.2237,0.2279,0.2289,0.2038,0.2275,0.2271,0.2258,0.2008,0.2254,0.221,0.2162,0.2141,0.2149,0.1891,0.1852,0.2071,0.2077,0.1866,0.191,0.217,0.2195,0.2191
0.1863,0.1666,0.1722,0.1794,0.2064,0.2126,0.2213,0.2296,0.2369,0.2408,0.2436,0.2446,0.2436,0.2408,0.2369,0.2296,0.2213,0.2126,0.2064,0.1794,0.1722,0.1666
0.1564,0.162,0.1697,0.1791,0.2074,0.2183,0.2288,0.2384,0.2467,0.2512,0.2535,0.2535,0.2512,0.2467,0.2384,0.2288,0.2183,0.2074,0.1791,0.1697,0.162,0.1564
0.1159,0.1265,0.1404,0.1696,0.2002,0.2181,0.2352,0.2506,0.2623,0.2695,0.2733,0.2733,0.2695,0.2623,0.2506,0.2352,0.2181,0.2002,0.1696,0.1404,0.1265,0.1159
0.1564,0.162,0.1697,0.1791,0.2074,0.2183,0.2288,0.2384,0.2467,0.2512,0.2535,0.2535,0.2512,0.2467,0.2384,0.2288,0.2183,0.2074,0.1791,0.1697,0.162,0.1564
0.1159,0.1265,0.1404,0.1696,0.2002,0.2181,0.2352,0.2506,0.2623,0.2695,0.2733,0.2733,0.2695,0.2623,0.2506,0.2352,0.2181,0.2002,0.1696,0.1404,0.1265,0.1159
0.1564,0.162,0.1697,0.1791,0.2074,0.2183,0.2288,0.2384,0.2467,0.2512,0.2535,0.2535,0.2512,0.2467,0.2384,0.2288,0.2183,0.2074,0.1791,0.1697,0.162,0.1564
0.1564,0.162,0.1697,0.1791,0.2074,0.2183,0.2288,0.2384,0.2467,0.2512,0.2535,0.2535,0.2512,0.2467,0.2384,0.2288,0.2183,0.2074,0.1791,0.1697,0.162,0.1564
0.1564,0.162,0.1697,0.1791,0.2074,0.2183,0.2288,0.2384,0.2467,0.2512,0.2535,0.2535,0.2512,0.2467,0.2384,0.2288,0.2183,0.2074,0.1791,0.1697,0.162,0.1564
0.2132,0.2132,0.2132,0.2132,0.2132,0.2132,0.2132,0.2132,0.2132,0.2132,0.2132,0.2132,0.2132,0.2132,0.2132,0.2132,0.2132,0.2132,0.2132,0.2132,0.2132,0.2132
0.1564,0.162,0.1697,0.1791,0.2074,0.2183,0.2288,0.2384,0.2467,0.2512,0.2535,0.2535,0.2512,0.2467,0.2384,0.2288,0.2183,0.2074,0.1791,0.1697,0.162,0.1564
