0.1848,0.2095,0.2113,0.2134,0.2155,0.2199,0.2215,0.2228,0.2237,0.2242,0.2237,0.2228,0.2215,0.2199,0.2155,0.2134,0.2113,0.2095,0.1848,0.2049,0.2047,0.2049
0.1958,0.1958,0.1762,0.1814,0.2071,0.2111,0.2153,0.2219,0.2279,0.2308,0.233,0.2345,0.2345,0.233,0.2308,0.2279,0.2219,0.2153,0.2111,0.2071,0.1814,0.1762
0.1958,0.1958,0.1762,0.1814,0.2071,0.2111,0.2153,0.2219,0.2279,0.2308,0.233,0.2345,0.2345,0.233,0.2308,0.2279,0.2219,0.2153,0.2111,0.2071,0.1814,0.1762
0.1564,0.162,0.1697,0.1791,0.2074,0.2183,0.2288,0.2384,0.2467,0.2512,0.2535,0.2535,0.2512,0.2467,0.2384,0.2288,0.2183,0.2074,0.1791,0.1697,0.162,0.1564
0.1317,0.1573,0.1665,0.1776,0.2068,0.2215,0.2335,0.2443,0.2534,0.2586,0.2609,0.2603,0.2571,0.2513,0.2416,0.2284,0.2161,0.2035,0.1745,0.1466,0.1536,0.1479
0.1159,0.1265,0.1404,0.1696,0.2002,0.2181,0.2352,0.2506,0.2623,0.2695,0.2733,0.2733,0.2695,0.2623,0.2506,0.2352,0.2181,0.2002,0.1696,0.1404,0.1265,0.1159
0.1159,0.1265,0.1404,0.1696,0.2002,0.2181,0.2352,0.2506,0.2623,0.2695,0.2733,0.2733,0.2695,0.2623,0.2506,0.2352,0.2181,0.2002,0.1696,0.1404,0.1265,0.1159
0.1159,0.1265,0.1404,0.1696,0.2002,0.2181,0.2352,0.2506,0.2623,0.2695,0.2733,0.2733,0.2695,0.2623,0.2506,0.2352,0.2181,0.2002,0.1696,0.1404,0.1265,0.1159
0.1564,0.162,0.1697,0.1791,0.2074,0.2183,0.2288,0.2384,0.2467,0.2512,0.2535,0.2535,0.2512,0.2467,0.2384,0.2288,0.2183,0.2074,0.1791,0.1697,0.162,0.1564
0.1159,0.1265,0.1404,0.1696,0.2002,0.2181,0.2352,0.2506,0.2623,0.2695,0.2733,0.2733,0.2695,0.2623,0.2506,0.2352,0.2181,0.2002,0.1696,0.1404,0.1265,0.1159
0.1159,0.1265,0.1404,0.1696,0.2002,0.2181,0.2352,0.2506,0.2623,0.2695,0.2733,0.2733,0.2695,0.2623,0.2506,0.2352,0.2181,0.2002,0.1696,0.1404,0.1265,0.1159
0.1762,0.1814,0.2071,0.2111,0.2153,0.2219,0.2279,0.2308,0.233,0.2345,0.2345,0.233,0.2308,0.2279,0.2219,0.2153,0.2111,0.2071,0.1814,0.1762,0.1958,0.1958
0.1564,0.162,0.1697,0.1791,0.2074,0.2183,0.2288,0.2384,0.2467,0.2512,0.2535,0.2535,0.2512,0.2467,0.2384,0.2288,0.2183,0.2074,0.1791,0.1697,0.162,0.1564
0.1564,0.162,0.1697,0.1791,0.2074,0.2183,0.2288,0.2384,0.2467,0.2512,0.2535,0.2535,0.2512,0.2467,0.2384,0.2288,0.2183,0.2074,0.1791,0.1697,0.162,0.1564
0.1098,0.1094,0.137,0.1664,0.1974,0.2165,0.2361,0.2525,0.265,0.273,0.2773,0.2774,0.2735,0.2658,0.2535,0.2372,0.2192,0.1986,0.1675,0.1379,0.123,0.0974
0.1398,0.1304,0.1428,0.1713,0.2011,0.2154,0.2312,0.2457,0.2565,0.2631,0.267,0.2675,0.2646,0.2586,0.2483,0.2361,0.2207,0.2044,0.1744,0.1618,0.1344,0.1239
0.1159,0.1265,0.1404,0.1696,0.2002,0.2181,0.2352,0.2506,0.2623,0.2695,0.2733,0.2733,0.2695,0.2623,0.2506,0.2352,0.2181,0.2002,0.1696,0.1404,0.1265,0.1159
0.1564,0.162,0.1697,0.1791,0.2074,0.2183,0.2288,0.2384,0.2467,0.2512,0.2535,0.2535,0.2512,0.2467,0.2384,0.2288,0.2183,0.2074,0.1791,0.1697,0.162,0.1564
0.099,0.1124,0.1653,0.1941,0.2236,0.2426,0.2304,0.2572,0.2656,0.272,0.274,0.2472,0.2423,0.2538,0.2415,0.2261,0.2122,0.1859,0.1859,0.1584,0.1322,0.1184
0.1325,0.1304,0.1449,0.1728,0.2016,0.2485,0.2657,0.2495,0.2583,0.2629,0.2886,0.2849,0.2509,0.2426,0.2307,0.2147,0.2117,0.1836,0.1565,0.1455,0.1215,0.1361
0.1159,0.1265,0.1404,0.1696,0.2002,0.2181,0.2352,0.2506,0.2623,0.2695,0.2733,0.2733,0.2695,0.2623,0.2506,0.2352,0.2181,0.2002,0.1696,0.1404,0.1265,0.1159
0.1159,0.1265,0.1404,0.1696,0.2002,0.2181,0.2352,0.2506,0.2623,0.2695,0.2733,0.2733,0.2695,0.2623,0.2506,0.2352,0.2181,0.2002,0.1696,0.1404,0.1265,0.1159
0.0736,0.0885,0.1167,0.1471,0.1791,0.2041,0.2581,0.2777,0.2926,0.3021,0.2797,0.3031,0.2956,0.2832,0.2658,0.2136,0.1893,0.1644,0.1334,0.1044,0.081,0.0684
0.1398,0.1304,0.1428,0.1713,0.2011,0.2154,0.2312,0.2457,0.2565,0.2631,0.267,0.2675,0.2646,0.2586,0.2483,0.2361,0.2207,0.2044,0.1744,0.1618,0.1344,0.1239
0.2192,0.1957,0.1988,0.2247,0.2223,0.2196,0.2223,0.2247,0.1988,0.1957,0.2192,0.2192,0.1957,0.1988,0.2247,0.2223,0.2196,0.2223,0.2247,0.1988,0.1957,0.2192
0.1958,0.1958,0.1762,0.1814,0.2071,0.2111,0.2153,0.2219,0.2279,0.2308,0.233,0.2345,0.2345,0.233,0.2308,0.2279,0.2219,0.2153,0.2111,0.2071,0.1814,0.1762
0.1564,0.162,0.1697,0.1791,0.2074,0.2183,0.2288,0.2384,0.2467,0.2512,0.2535,0.2535,0.2512,0.2467,0.2384,0.2288,0.2183,0.2074,0.1791,0.1697,0.162,0.1564
0.1159,0.1265,0.1404,0.1696,0.2002,0.2181,0.2352,0.2506,0.2623,0.2695,0.2733,0.2733,0.2695,0.2623,0.2506,0.2352,0.2181,0.2002,0.1696,0.1404,0.1265,0.1159
0.1564,0.162,0.1697,0.1791,0.2074,0.2183,0.2288,0.2384,0.2467,0.2512,0.2535,0.2535,0.2512,0.2467,0.2384,0.2288,0.2183,0.2074,0.1791,0.1697,0.162,0.1564
0.1666,0.1722,0.1794,0.2064,0.2126,0.2213,0.2296,0.2369,0.2408,0.2436,0.2446,0.2436,0.2408,0.2369,0.2296,0.2213,0.2126,0.2064,0.1794,0.1722,0.1666,0.1863
0.1159,0.1265,0.1404,0.1696,0.2002,0.2181,0.2352,0.2506,0.2623,0.2695,0.2733,0.2733,0.2695,0.2623,0.2506,0.2352,0.2181,0.2002,0.1696,0.1404,0.1265,0.1159
0.1564,0.162,0.1697,0.1791,0.2074,0.2183,0.2288,0.2384,0.2467,0.2512,0.2535,0.2535,0.2512,0.2467,0.2384,0.2288,0.2183,0.2074,0.1791,0.1697,0.162,0.1564
0.1564,0.162,0.1697,0.1791,0.2074,0.2183,0.2288,0.2384,0.2467,0.2512,0.2535,0.2535,0.2512,0.2467,0.2384,0.2288,0.2183,0.2074,0.1791,0.1697,0.162,0.1564
0.1159,0.1265,0.1404,0.1696,0.2002,0.2181,0.2352,0.2506,0.2623,0.2695,0.2733,0.2733,0.2695,0.2623,0.2506,0.2352,0.2181,0.2002,0.1696,0.1404,0.1265,0.1159
0.1564,0.162,0.1697,0.1791,0.2074,0.2183,0.2288,0.2384,0.2467,0.2512,0.2535,0.2535,0.2512,0.2467,0.2384,0.2288,0.2183,0.2074,0.1791,0.1697,0.162,0.1564
0.1564,0.162,0.1697,0.1791,0.2074,0.2183,0.2288,0.2384,0.2467,0.2512,0.2535,0.2535,0.2512,0.2467,0.2384,0.2288,0.2183,0.2074,0.1791,0.1697,0.162,0.1564
0.1159,0.1265,0.1404,0.1696,0.2002,0.2181,0.2352,0.2506,0.2623,0.2695,0.2733,0.2733,0.2695,0.2623,0.2506,0.2352,0.2181,0.2002,0.1696,0.1404,0.1265,0.1159
0.1958,0.1958,0.1762,0.1814,0.2071,0.2111,0.2153,0.2219,0.2279,0.2308,0.233,0.2345,0.2345,0.233,0.2308,0.2279,0.2219,0.2153,0.2111,0.2071,0.1814,0.1762
0.1159,0.1265,0.1404,0.1696,0.2002,0.2181,0.2352,0.2506,0.2623,0.2695,0.2733,0.2733,0.2695,0.2623,0.2506,0.2352,0.2181,0.2002,0.1696,0.1404,0.1265,0.1159
0.092,0.1067,0.1345,0.1644,0.1958,0.2175,0.2379,0.2551,0.2682,0.2767,0.2811,0.2811,0.2767,0.2682,0.2551,0.2379,0.2175,0.1958,0.1644,0.1345,0.1067,0.092
0.1159,0.1265,0.1404,0.1696,0.2002,0.2181,0.2352,0.2506,0.2623,0.2695,0.2733,0.2733,0.2695,0.2623,0.2506,0.2352,0.2181,0.2002,0.1696,0.1404,0.1265,0.1159
0.1159,0.1265,0.1404,0.1696,0.2002,0.2181,0.2352,0.2506,0.2623,0.2695,0.2733,0.2733,0.2695,0.2623,0.2506,0.2352,0.2181,0.2002,0.1696,0.1404,0.1265,0.1159
0.1159,0.1265,0.1404,0.1696,0.2002,0.2181,0.2352,0.2506,0.2623,0.2695,0.2733,0.2733,0.2695,0.2623,0.2506,0.2352,0.2181,0.2002,0.1696,0.1404,0.1265,0.1159
0.1398,0.1304,0.1428,0.1713,0.2011,0.2154,0.2312,0.2457,0.2565,0.2631,0.267,0.2675,0.2646,0.2586,0.2483,0.2361,0.2207,0.2044,0.1744,0.1618,0.1344,0.1239
0.1564,0.162,0.1697,0.1791,0.2074,0.2183,0.2288,0.2384,0.2467,0.2512,0.2535,0.2535,0.2512,0.2467,0.2384,0.2288,0.2183,0.2074,0.1791,0.1697,0.162,0.1564
0.1159,0.1265,0.1404,0.1696,0.2002,0.2181,0.2352,0.2506,0.2623,0.2695,0.2733,0.2733,0.2695,0.2623,0.2506,0.2352,0.2181,0.2002,0.1696,0.1404,0.1265,0.1159
0.1564,0.162,0.1697,0.1791,0.2074,0.2183,0.2288,0.2384,0.2467,0.2512,0.2535,0.2535,0.2512,0.2467,0.2384,0.2288,0.2183,0.2074,0.1791,0.1697,0.162,0.1564
0.1159,0.1265,0.1404,0.1696,0.2002,0.2181,0.2352,0.2506,0.2623,0.2695,0.2733,0.2733,0.2695,0.2623,0.2506,0.2352,0.2181,0.2002,0.1696,0.1404,0.1265,0.1159
0.1564,0.162,0.1697,0.1791,0.2074,0.2183,0.2288,0.2384,0.2467,0.2512,0.2535,0.2535,0.2512,0.2467,0.2384,0.2288,0.2183,0.2074,0.1791,0.1697,0.162,0.1564
0.1564,0.162,0.1697,0.1791,0.2074,0.2183,0.2288,0.2384,0.2467,0.2512,0.2535,0.2535,0.2512,0.2467,0.2384,0.2288,0.2183,0.2074,0.1791,0.1697,0.162,0.1564
0.1159,0.1265,0.1404,0.1696,0.2002,0.2181,0.2352,0.2506,0.2623,0.2695,0.2733,0.2733,0.2695,0.2623,0.2506,0.2352,0.2181,0.2002,0.1696,0.1404,0.1265,0.1159
0.1159,0.1265,0.1404,0.1696,0.2002,0.2181,0.2352,0.2506,0.2623,0.2695,0.2733,0.2733,0.2695,0.2623,0.2506,0.2352,0.2181,0.2002,0.1696,0.1404,0.1265,0.1159
0.1159,0.1265,0.1404,0.1696,0.2002,0.2181,0.2352,0.2506,0.2623,0.2695,0.2733,0.2733,0.2695,0.2623,0.2506,0.2352,0.2181,0.2002,0.1696,0.1404,0.1265,0.1159
0.1564,0.162,0.1697,0.1791,0.2074,0.2183,0.2288,0.2384,0.2467,0.2512,0.2535,0.2535,0.2512,0.2467,0.2384,0.2288,0.2183,0.2074,0.1791,0.1697,0.162,0.1564
0.1564,0.162,0.1697,0.1791,0.2074,0.2183,0.2288,0.2384,0.2467,0.2512,0.2535,0.2535,0.2512,0.2467,0.2384,0.2288,0.2183,0.2074,0.1791,0.1697,0.162,0.1564
0.1159,0.1265,0.1404,0.1696,0.2002,0.2181,0.2352,0.2506,0.2623,0.2695,0.2733,0.2733,0.2695,0.2623,0.2506,0.2352,0.2181,0.2002,0.1696,0.1404,0.1265,0.1159
0.1676,0.174,0.1818,0.1909,0.2199,0.2297,0.2357,0.2434,0.2496,0.2519,0.2252,0.2478,0.2447,0.2397,0.2051,0.2254,0.2162,0.2069,0.179,0.1747,0.1687,0.1647
0.1564,0.162,0.1697,0.1791,0.2074,0.2183,0.2288,0.2384,0.2467,0.2512,0.2535,0.2535,0.2512,0.2467,0.2384,0.2288,0.2183,0.2074,0.1791,0.1697,0.162,0.1564
0.1159,0.1265,0.1404,0.1696,0.2002,0.2181,0.2352,0.2506,0.2623,0.2695,0.2733,0.2733,0.2695,0.2623,0.2506,0.2352,0.2181,0.2002,0.1696,0.1404,0.1265,0.1159
0.092,0.1067,0.1345,0.1644,0.1958,0.2175,0.2379,0.2551,0.2682,0.2767,0.2811,0.2811,0.2767,0.2682,0.2551,0.2379,0.2175,0.1958,0.1644,0.1345,0.1067,0.092
0.1564,0.162,0.1697,0.1791,0.2074,0.2183,0.2288,0.2384,0.2467,0.2512,0.2535,0.2535,0.2512,0.2467,0.2384,0.2288,0.2183,0.2074,0.1791,0.1697,0.162,0.1564
0.1159,0.1265,0.1404,0.1696,0.2002,0.2181,0.2352,0.2506,0.2623,0.2695,0.2733,0.2733,0.2695,0.2623,0.2506,0.2352,0.2181,0.2002,0.1696,0.1404,0.1265,0.1159
0.1564,0.162,0.1697,0.1791,0.2074,0.2183,0.2288,0.2384,0.2467,0.2512,0.2535,0.2535,0.2512,0.2467,0.2384,0.2288,0.2183,0.2074,0.1791,0.1697,0.162,0.1564
0.1317,0.1573,0.1665,0.1776,0.2068,0.2215,0.2335,0.2443,0.2534,0.2586,0.2609,0.2603,0.2571,0.2513,0.2416,0.2284,0.2161,0.2035,0.1745,0.1466,0.1536,0.1479
0.1564,0.162,0.1697,0.1791,0.2074,0.2183,0.2288,0.2384,0.2467,0.2512,0.2535,0.2535,0.2512,0.2467,0.2384,0.2288,0.2183,0.2074,0.1791,0.1697,0.162,0.1564
0.1159,0.1265,0.1404,0.1696,0.2002,0.2181,0.2352,0.2506,0.2623,0.2695,0.2733,0.2733,0.2695,0.2623,0.2506,0.2352,0.2181,0.2002,0.1696,0.1404,0.1265,0.1159
0.1159,0.1265,0.1404,0.1696,0.2002,0.2181,0.2352,0.2506,0.2623,0.2695,0.2733,0.2733,0.2695,0.2623,0.2506,0.2352,0.2181,0.2002,0.1696,0.1404,0.1265,0.1159
0.1564,0.162,0.1697,0.1791,0.2074,0.2183,0.2288,0.2384,0.2467,0.2512,0.2535,0.2535,0.2512,0.2467,0.2384,0.2288,0.2183,0.2074,0.1791,0.1697,0.162,0.1564
0.1564,0.162,0.1697,0.1791,0.2074,0.2183,0.2288,0.2384,0.2467,0.2512,0.2535,0.2535,0.2512,0.2467,0.2384,0.2288,0.2183,0.2074,0.1791,0.1697,0.162,0.1564
0.1564,0.162,0.1697,0.1791,0.2074,0.2183,0.2288,0.2384,0.2467,0.2512,0.2535,0.2535,0.2512,0.2467,0.2384,0.2288,0.2183,0.2074,0.1791,0.1697,0.162,0.1564
0.1159,0.1265,0.1404,0.1696,0.2002,0.2181,0.2352,0.2506,0.2623,0.2695,0.2733,0.2733,0.2695,0.2623,0.2506,0.2352,0.2181,0.2002,0.1696,0.1404,0.1265,0.1159
0.092,0.1067,0.1345,0.1644,0.1958,0.2175,0.2379,0.2551,0.2682,0.2767,0.2811,0.2811,0.2767,0.2682,0.2551,0.2379,0.2175,0.1958,0.1644,0.1345,0.1067,0.092
0.1564,0.162,0.1697,0.1791,0.2074,0.2183,0.2288,0.2384,0.2467,0.2512,0.2535,0.2535,0.2512,0.2467,0.2384,0.2288,0.2183,0.2074,0.1791,0.1697,0.162,0.1564
0.1564,0.162,0.1697,0.1791,0.2074,0.2183,0.2288,0.2384,0.2467,0.2512,0.2535,0.2535,0.2512,0.2467,0.2384,0.2288,0.2183,0.2074,0.1791,0.1697,0.162,0.1564
0.1564,0.162,0.1697,0.1791,0.2074,0.2183,0.2288,0.2384,0.2467,0.2512,0.2535,0.2535,0.2512,0.2467,0.2384,0.2288,0.2183,0.2074,0.1791,0.1697,0.162,0.1564
0.1159,0.1265,0.1404,0.1696,0.2002,0.2181,0.2352,0.2506,0.2623,0.2695,0.2733,0.2733,0.2695,0.2623,0.2506,0.2352,0.2181,0.2002,0.1696,0.1404,0.1265,0.1159
0.1564,0.162,0.1697,0.1791,0.2074,0.2183,0.2288,0.2384,0.2467,0.2512,0.2535,0.2535,0.2512,0.2467,0.2384,0.2288,0.2183,0.2074,0.1791,0.1697,0.162,0.1564
0.1159,0.1265,0.1404,0.1696,0.2002,0.2181,0.2352,0.2506,0.2623,0.2695,0.2733,0.2733,0.2695,0.2623,0.2506,0.2352,0.2181,0.2002,0.1696,0.1404,0.1265,0.1159
0.1159,0.1265,0.1404,0.1696,0.2002,0.2181,0.2352,0.2506,0.2623,0.2695,0.2733,0.2733,0.2695,0.2623,0.2506,0.2352,0.2181,0.2002,0.1696,0.1404,0.1265,0.1159
0.1295,0.1451,0.1954,0.2287,0.2287,0.2444,0.2579,0.2872,0.2929,0.2672,0.264,0.2574,0.2455,0.2311,0.2167,0.1998,0.1827,0.1666,0.1403,0.1156,0.1076,0.1033
0.1159,0.1265,0.1404,0.1696,0.2002,0.2181,0.2352,0.2506,0.2623,0.2695,0.2733,0.2733,0.2695,0.2623,0.2506,0.2352,0.2181,0.2002,0.1696,0.1404,0.1265,0.1159
0.1159,0.1265,0.1404,0.1696,0.2002,0.2181,0.2352,0.2506,0.2623,0.2695,0.2733,0.2733,0.2695,0.2623,0.2506,0.2352,0.2181,0.2002,0.1696,0.1404,0.1265,0.1159
0.1239,0.1344,0.1618,0.1744,0.2044,0.2207,0.2361,0.2483,0.2586,0.2646,0.2675,0.267,0.2631,0.2565,0.2457,0.2312,0.2154,0.2011,0.1713,0.1428,0.1304,0.1398
0.1159,0.1265,0.1404,0.1696,0.2002,0.2181,0.2352,0.2506,0.2623,0.2695,0.2733,0.2733,0.2695,0.2623,0.2506,0.2352,0.2181,0.2002,0.1696,0.1404,0.1265,0.1159
0.1398,0.1304,0.1428,0.1713,0.2011,0.2154,0.2312,0.2457,0.2565,0.2631,0.267,0.2675,0.2646,0.2586,0.2483,0.2361,0.2207,0.2044,0.1744,0.1618,0.1344,0.1239
0.1383,0.1465,0.1605,0.1764,0.205,0.2186,0.263,0.2761,0.2564,0.2601,0.261,0.2848,0.2775,0.2384,0.2266,0.2137,0.1973,0.1812,0.1547,0.1448,0.1374,0.1333
0.1159,0.1265,0.1404,0.1696,0.2002,0.2181,0.2352,0.2506,0.2623,0.2695,0.2733,0.2733,0.2695,0.2623,0.2506,0.2352,0.2181,0.2002,0.1696,0.1404,0.1265,0.1159
0.1611,0.167,0.1928,0.2016,0.2084,0.2176,0.2294,0.2354,0.2399,0.243,0.2721,0.2463,0.2411,0.2366,0.2288,0.2474,0.1891,0.1998,0.1732,0.1656,0.157,0.1797
0.1397,0.1819,0.1819,0.19,0.2197,0.2335,0.2636,0.2212,0.255,0.2581,0.2584,0.2279,0.2526,0.2462,0.2361,0.2228,0.2119,0.2002,0.1715,0.144,0.1343,0.152
0.1564,0.162,0.1697,0.1791,0.2074,0.2183,0.2288,0.2384,0.2467,0.2512,0.2535,0.2535,0.2512,0.2467,0.2384,0.2288,0.2183,0.2074,0.1791,0.1697,0.162,0.1564
0.1159,0.1265,0.1404,0.1696,0.2002,0.2181,0.2352,0.2506,0.2623,0.2695,0.2733,0.2733,0.2695,0.2623,0.2506,0.2352,0.2181,0.2002,0.1696,0.1404,0.1265,0.1159
0.0941,0.1105,0.1406,0.1691,0.231,0.2529,0.2726,0.257,0.2661,0.2928,0.2921,0.2883,0.2516,0.241,0.2244,0.2184,0.1981,0.1703,0.1436,0.1187,0.1187,0.105
0.1398,0.1304,0.1428,0.1713,0.2011,0.2154,0.2312,0.2457,0.2565,0.2631,0.267,0.2675,0.2646,0.2586,0.2483,0.2361,0.2207,0.2044,0.1744,0.1618,0.1344,0.1239
0.1159,0.1265,0.1404,0.1696,0.2002,0.2181,0.2352,0.2506,0.2623,0.2695,0.2733,0.2733,0.2695,0.2623,0.2506,0.2352,0.2181,0.2002,0.1696,0.1404,0.1265,0.1159
0.1159,0.1265,0.1404,0.1696,0.2002,0.2181,0.2352,0.2506,0.2623,0.2695,0.2733,0.2733,0.2695,0.2623,0.2506,0.2352,0.2181,0.2002,0.1696,0.1404,0.1265,0.1159
0.1564,0.162,0.1697,0.1791,0.2074,0.2183,0.2288,0.2384,0.2467,0.2512,0.2535,0.2535,0.2512,0.2467,0.2384,0.2288,0.2183,0.2074,0.1791,0.1697,0.162,0.1564
0.1159,0.1265,0.1404,0.1696,0.2002,0.2181,0.2352,0.2506,0.2623,0.2695,0.2733,0.2733,0.2695,0.2623,0.2506,0.2352,0.2181,0.2002,0.1696,0.1404,0.1265,0.1159
0.1564,0.162,0.1697,0.1791,0.2074,0.2183,0.2288,0.2384,0.2467,0.2512,0.2535,0.2535,0.2512,0.2467,0.2384,0.2288,0.2183,0.2074,0.1791,0.1697,0.162,0.1564
0.1159,0.1265,0.1404,0.1696,0.2002,0.2181,0.2352,0.2506,0.2623,0.2695,0.2733,0.2733,0.2695,0.2623,0.2506,0.2352,0.2181,0.2002,0.1696,0.1404,0.1265,0.1159
0.1564,0.162,0.1697,0.1791,0.2074,0.2183,0.2288,0.2384,0.2467,0.2512,0.2535,0.2535,0.2512,0.2467,0.2384,0.2288,0.2183,0.2074,0.1791,0.1697,0.162,0.1564
0.1564,0.162,0.1697,0.1791,0.2074,0.2183,0.2288,0.2384,0.2467,0.2512,0.2535,0.2535,0.2512,0.2467,0.2384,0.2288,0.2183,0.2074,0.1791,0.1697,0.162,0.1564
0.1159,0.1265,0.1404,0.1696,0.2002,0.2181,0.2352,0.2506,0.2623,0.2695,0.2733,0.2733,0.2695,0.2623,0.2506,0.2352,0.2181,0.2002,0.1696,0.1404,0.1265,0.1159
0.1159,0.1265,0.1404,0.1696,0.2002,0.2181,0.2352,0.2506,0.2623,0.2695,0.2733,0.2733,0.2695,0.2623,0.2506,0.2352,0.2181,0.2002,0.1696,0.1404,0.1265,0.1159
0.1564,0.162,0.1697,0.1791,0.2074,0.2183,0.2288,0.2384,0.2467,0.2512,0.2535,0.2535,0.2512,0.2467,0.2384,0.2288,0.2183,0.2074,0.1791,0.1697,0.162,0.1564
0.0974,0.1106,0.1106,0.1345,0.1603,0.1907,0.2114,0.2191,0.2363,0.2791,0.2877,0.2919,0.2928,0.2671,0.2852,0.2696,0.2499,0.2278,0.1668,0.1358,0.1064,0.0898
0.1159,0.1265,0.1404,0.1696,0.2002,0.2181,0.2352,0.2506,0.2623,0.2695,0.2733,0.2733,0.2695,0.2623,0.2506,0.2352,0.2181,0.2002,0.1696,0.1404,0.1265,0.1159
0.1121,0.1275,0.1434,0.1719,0.2015,0.252,0.2702,0.2541,0.2634,0.2682,0.2942,0.2898,0.2543,0.2448,0.2317,0.2128,0.2075,0.179,0.1515,0.1255,0.1142,0.1286
0.1564,0.162,0.1697,0.1791,0.2074,0.2183,0.2288,0.2384,0.2467,0.2512,0.2535,0.2535,0.2512,0.2467,0.2384,0.2288,0.2183,0.2074,0.1791,0.1697,0.162,0.1564
0.1762,0.1814,0.2071,0.2111,0.2153,0.2219,0.2279,0.2308,0.233,0.2345,0.2345,0.233,0.2308,0.2279,0.2219,0.2153,0.2111,0.2071,0.1814,0.1762,0.1958,0.1958
0.0901,0.099,0.1118,0.1374,0.1682,0.1905,0.2127,0.2309,0.2788,0.2914,0.2996,0.276,0.274,0.2954,0.2823,0.2643,0.2128,0.1932,0.1605,0.1293,0.11,0.0974
0.1317,0.1573,0.1665,0.1776,0.2068,0.2215,0.2335,0.2443,0.2534,0.2586,0.2609,0.2603,0.2571,0.2513,0.2416,0.2284,0.2161,0.2035,0.1745,0.1466,0.1536,0.1479
0.1317,0.1573,0.1665,0.1776,0.2068,0.2215,0.2335,0.2443,0.2534,0.2586,0.2609,0.2603,0.2571,0.2513,0.2416,0.2284,0.2161,0.2035,0.1745,0.1466,0.1536,0.1479
0.1317,0.1573,0.1665,0.1776,0.2068,0.2215,0.2335,0.2443,0.2534,0.2586,0.2609,0.2603,0.2571,0.2513,0.2416,0.2284,0.2161,0.2035,0.1745,0.1466,0.1536,0.1479
0.0679,0.0813,0.108,0.137,0.1677,0.1922,0.2485,0.2687,0.2846,0.2954,0.3015,0.3015,0.2954,0.2846,0.2687,0.2485,0.1922,0.1677,0.137,0.108,0.0813,0.0679
0.0916,0.1018,0.1313,0.1626,0.1953,0.2485,0.2698,0.2867,0.2986,0.2773,0.3016,0.2963,0.2862,0.2716,0.2221,0.2,0.1772,0.1534,0.1237,0.0994,0.0876,0.0682
0.1159,0.1265,0.1404,0.1696,0.2002,0.2181,0.2352,0.2506,0.2623,0.2695,0.2733,0.2733,0.2695,0.2623,0.2506,0.2352,0.2181,0.2002,0.1696,0.1404,0.1265,0.1159
0.1159,0.1265,0.1404,0.1696,0.2002,0.2181,0.2352,0.2506,0.2623,0.2695,0.2733,0.2733,0.2695,0.2623,0.2506,0.2352,0.2181,0.2002,0.1696,0.1404,0.1265,0.1159
0.1159,0.1265,0.1404,0.1696,0.2002,0.2181,0.2352,0.2506,0.2623,0.2695,0.2733,0.2733,0.2695,0.2623,0.2506,0.2352,0.2181,0.2002,0.1696,0.1404,0.1265,0.1159
0.1848,0.2095,0.2113,0.2134,0.2155,0.2199,0.2215,0.2228,0.2237,0.2242,0.2237,0.2228,0.2215,0.2199,0.2155,0.2134,0.2113,0.2095,0.1848,0.2049,0.2047,0.2049
0.1159,0.1265,0.1404,0.1696,0.2002,0.2181,0.2352,0.2506,0.2623,0.2695,0.2733,0.2733,0.2695,0.2623,0.2506,0.2352,0.2181,0.2002,0.1696,0.1404,0.1265,0.1159
0.1762,0.1814,0.2071,0.2111,0.2153,0.2219,0.2279,0.2308,0.233,0.2345,0.2345,0.233,0.2308,0.2279,0.2219,0.2153,0.2111,0.2071,0.1814,0.1762,0.1958,0.1958
0.1564,0.162,0.1697,0.1791,0.2074,0.2183,0.2288,0.2384,0.2467,0.2512,0.2535,0.2535,0.2512,0.2467,0.2384,0.2288,0.2183,0.2074,0.1791,0.1697,0.162,0.1564
0.1159,0.1265,0.1404,0.1696,0.2002,0.2181,0.2352,0.2506,0.2623,0.2695,0.2733,0.2733,0.2695,0.2623,0.2506,0.2352,0.2181,0.2002,0.1696,0.1404,0.1265,0.1159
0.1159,0.1265,0.1404,0.1696,0.2002,0.2181,0.2352,0.2506,0.2623,0.2695,0.2733,0.2733,0.2695,0.2623,0.2506,0.2352,0.2181,0.2002,0.1696,0.1404,0.1265,0.1159
0.1173,0.1527,0.1669,0.1669,0.194,0.2089,0.2374,0.2488,0.2424,0.2511,0.255,0.2543,0.2766,0.2718,0.2438,0.2312,0.2172,0.2309,0.2,0.1424,0.1297,0.1224
0.1159,0.1265,0.1404,0.1696,0.2002,0.2181,0.2352,0.2506,0.2623,0.2695,0.2733,0.2733,0.2695,0.2623,0.2506,0.2352,0.2181,0.2002,0.1696,0.1404,0.1265,0.1159
0.1159,0.1265,0.1404,0.1696,0.2002,0.2181,0.2352,0.2506,0.2623,0.2695,0.2733,0.2733,0.2695,0.2623,0.2506,0.2352,0.2181,0.2002,0.1696,0.1404,0.1265,0.1159
0.1159,0.1265,0.1404,0.1696,0.2002,0.2181,0.2352,0.2506,0.2623,0.2695,0.2733,0.2733,0.2695,0.2623,0.2506,0.2352,0.2181,0.2002,0.1696,0.1404,0.1265,0.1159
0.1159,0.1265,0.1404,0.1696,0.2002,0.2181,0.2352,0.2506,0.2623,0.2695,0.2733,0.2733,0.2695,0.2623,0.2506,0.2352,0.2181,0.2002,0.1696,0.1404,0.1265,0.1159
0.1756,0.2002,0.2024,0.1853,0.2114,0.2178,0.2216,0.2251,0.2304,0.2326,0.2334,0.2334,0.2326,0.2304,0.2251,0.2216,0.2178,0.2114,0.1853,0.2024,0.2002,0.1756
0.1564,0.162,0.1697,0.1791,0.2074,0.2183,0.2288,0.2384,0.2467,0.2512,0.2535,0.2535,0.2512,0.2467,0.2384,0.2288,0.2183,0.2074,0.1791,0.1697,0.162,0.1564
0.0775,0.1023,0.1586,0.1893,0.218,0.2387,0.2564,0.2841,0.2956,0.2759,0.2765,0.273,0.2658,0.2692,0.2234,0.2058,0.1864,0.1588,0.1588,0.1308,0.1075,0.0861
0.1159,0.1265,0.1404,0.1696,0.2002,0.2181,0.2352,0.2506,0.2623,0.2695,0.2733,0.2733,0.2695,0.2623,0.2506,0.2352,0.2181,0.2002,0.1696,0.1404,0.1265,0.1159
0.1564,0.162,0.1697,0.1791,0.2074,0.2183,0.2288,0.2384,0.2467,0.2512,0.2535,0.2535,0.2512,0.2467,0.2384,0.2288,0.2183,0.2074,0.1791,0.1697,0.162,0.1564
0.1564,0.162,0.1697,0.1791,0.2074,0.2183,0.2288,0.2384,0.2467,0.2512,0.2535,0.2535,0.2512,0.2467,0.2384,0.2288,0.2183,0.2074,0.1791,0.1697,0.162,0.1564
0.1159,0.1265,0.1404,0.1696,0.2002,0.2181,0.2352,0.2506,0.2623,0.2695,0.2733,0.2733,0.2695,0.2623,0.2506,0.2352,0.2181,0.2002,0.1696,0.1404,0.1265,0.1159
0.1159,0.1265,0.1404,0.1696,0.2002,0.2181,0.2352,0.2506,0.2623,0.2695,0.2733,0.2733,0.2695,0.2623,0.2506,0.2352,0.2181,0.2002,0.1696,0.1404,0.1265,0.1159
0.1159,0.1265,0.1404,0.1696,0.2002,0.2181,0.2352,0.2506,0.2623,0.2695,0.2733,0.2733,0.2695,0.2623,0.2506,0.2352,0.2181,0.2002,0.1696,0.1404,0.1265,0.1159
0.1317,0.1573,0.1665,0.1776,0.2068,0.2215,0.2335,0.2443,0.2534,0.2586,0.2609,0.2603,0.2571,0.2513,0.2416,0.2284,0.2161,0.2035,0.1745,0.1466,0.1536,0.1479
0.1564,0.162,0.1697,0.1791,0.2074,0.2183,0.2288,0.2384,0.2467,0.2512,0.2535,0.2535,0.2512,0.2467,0.2384,0.2288,0.2183,0.2074,0.1791,0.1697,0.162,0.1564
0.1297,0.1365,0.1774,0.207,0.234,0.2196,0.2316,0.259,0.2659,0.2429,0.2451,0.2457,0.2401,0.2272,0.2462,0.2365,0.2092,0.1962,0.1962,0.1709,0.158,0.1236
0.1564,0.162,0.1697,0.1791,0.2074,0.2183,0.2288,0.2384,0.2467,0.2512,0.2535,0.2535,0.2512,0.2467,0.2384,0.2288,0.2183,0.2074,0.1791,0.1697,0.162,0.1564
0.1564,0.162,0.1697,0.1791,0.2074,0.2183,0.2288,0.2384,0.2467,0.2512,0.2535,0.2535,0.2512,0.2467,0.2384,0.2288,0.2183,0.2074,0.1791,0.1697,0.162,0.1564
0.1159,0.1265,0.1404,0.1696,0.2002,0.2181,0.2352,0.2506,0.2623,0.2695,0.2733,0.2733,0.2695,0.2623,0.2506,0.2352,0.2181,0.2002,0.1696,0.1404,0.1265,0.1159
0.1479,0.1536,0.1466,0.1745,0.2035,0.2161,0.2284,0.2416,0.2513,0.2571,0.2603,0.2609,0.2586,0.2534,0.2443,0.2335,0.2215,0.2068,0.1776,0.1665,0.1573,0.1317
0.1564,0.162,0.1697,0.1791,0.2074,0.2183,0.2288,0.2384,0.2467,0.2512,0.2535,0.2535,0.2512,0.2467,0.2384,0.2288,0.2183,0.2074,0.1791,0.1697,0.162,0.1564
0.1564,0.162,0.1697,0.1791,0.2074,0.2183,0.2288,0.2384,0.2467,0.2512,0.2535,0.2535,0.2512,0.2467,0.2384,0.2288,0.2183,0.2074,0.1791,0.1697,0.162,0.1564
0.1159,0.1265,0.1404,0.1696,0.2002,0.2181,0.2352,0.2506,0.2623,0.2695,0.2733,0.2733,0.2695,0.2623,0.2506,0.2352,0.2181,0.2002,0.1696,0.1404,0.1265,0.1159
0.1564,0.162,0.1697,0.1791,0.2074,0.2183,0.2288,0.2384,0.2467,0.2512,0.2535,0.2535,0.2512,0.2467,0.2384,0.2288,0.2183,0.2074,0.1791,0.1697,0.162,0.1564
0.092,0.1067,0.1345,0.1644,0.1958,0.2175,0.2379,0.2551,0.2682,0.2767,0.2811,0.2811,0.2767,0.2682,0.2551,0.2379,0.2175,0.1958,0.1644,0.1345,0.1067,0.092
0.1825,0.185,0.2146,0.1926,0.2157,0.2175,0.2225,0.2225,0.1988,0.1979,0.2281,0.2036,0.2076,0.2384,0.2384,0.2347,0.2333,0.2311,0.2311,0.1968,0.191,0.1888
0.2049,0.2047,0.2049,0.1848,0.2095,0.2113,0.2134,0.2155,0.2199,0.2215,0.2228,0.2237,0.2242,0.2237,0.2228,0.2215,0.2199,0.2155,0.2134,0.2113,0.2095,0.1848
0.144,0.1304,0.1369,0.1637,0.1918,0.2042,0.2188,0.2329,0.2442,0.2519,0.2573,0.2599,0.2615,0.2584,0.251,0.2416,0.2473,0.2172,0.1875,0.1752,0.1474,0.1624
0.0845,0.1007,0.129,0.159,0.2216,0.2437,0.2637,0.2798,0.2912,0.2912,0.2908,0.287,0.2789,0.2658,0.2172,0.2088,0.188,0.158,0.1295,0.1062,0.1062,0.0928
0.0921,0.0832,0.1055,0.1301,0.16,0.1913,0.2044,0.2256,0.2737,0.2871,0.2952,0.2996,0.2749,0.2957,0.2831,0.2656,0.2441,0.1903,0.158,0.1271,0.0981,0.0815
0.133,0.1411,0.1257,0.1676,0.2005,0.2158,0.2162,0.2801,0.2908,0.2681,0.2701,0.2705,0.2937,0.262,0.234,0.2197,0.2045,0.1559,0.1559,0.1444,0.1355,0.1266
0.1564,0.162,0.1697,0.1791,0.2074,0.2183,0.2288,0.2384,0.2467,0.2512,0.2535,0.2535,0.2512,0.2467,0.2384,0.2288,0.2183,0.2074,0.1791,0.1697,0.162,0.1564
0.1285,0.1385,0.1257,0.1502,0.1763,0.2034,0.2201,0.2223,0.2371,0.2463,0.2808,0.2841,0.2851,0.259,0.2508,0.2666,0.2499,0.2315,0.1716,0.144,0.1288,0.1166
0.1159,0.1265,0.1404,0.1696,0.2002,0.2181,0.2352,0.2506,0.2623,0.2695,0.2733,0.2733,0.2695,0.2623,0.2506,0.2352,0.2181,0.2002,0.1696,0.1404,0.1265,0.1159
0.0986,0.1117,0.1657,0.1953,0.2257,0.2148,0.2305,0.2586,0.2678,0.2751,0.254,0.2546,0.249,0.2616,0.2491,0.2359,0.2078,0.1909,0.1909,0.1621,0.1345,0.0964
0.1159,0.1265,0.1404,0.1696,0.2002,0.2181,0.2352,0.2506,0.2623,0.2695,0.2733,0.2733,0.2695,0.2623,0.2506,0.2352,0.2181,0.2002,0.1696,0.1404,0.1265,0.1159
0.1564,0.162,0.1697,0.1791,0.2074,0.2183,0.2288,0.2384,0.2467,0.2512,0.2535,0.2535,0.2512,0.2467,0.2384,0.2288,0.2183,0.2074,0.1791,0.1697,0.162,0.1564
0.1098,0.1094,0.137,0.1664,0.1974,0.2165,0.2361,0.2525,0.265,0.273,0.2773,0.2774,0.2735,0.2658,0.2535,0.2372,0.2192,0.1986,0.1675,0.1379,0.123,0.0974
0.1564,0.162,0.1697,0.1791,0.2074,0.2183,0.2288,0.2384,0.2467,0.2512,0.2535,0.2535,0.2512,0.2467,0.2384,0.2288,0.2183,0.2074,0.1791,0.1697,0.162,0.1564
0.1564,0.162,0.1697,0.1791,0.2074,0.2183,0.2288,0.2384,0.2467,0.2512,0.2535,0.2535,0.2512,0.2467,0.2384,0.2288,0.2183,0.2074,0.1791,0.1697,0.162,0.1564
0.1564,0.162,0.1697,0.1791,0.2074,0.2183,0.2288,0.2384,0.2467,0.2512,0.2535,0.2535,0.2512,0.2467,0.2384,0.2288,0.2183,0.2074,0.1791,0.1697,0.162,0.1564
0.1239,0.1344,0.1618,0.1744,0.2044,0.2207,0.2361,0.2483,0.2586,0.2646,0.2675,0.267,0.2631,0.2565,0.2457,0.2312,0.2154,0.2011,0.1713,0.1428,0.1304,0.1398
0.1564,0.162,0.1697,0.1791,0.2074,0.2183,0.2288,0.2384,0.2467,0.2512,0.2535,0.2535,0.2512,0.2467,0.2384,0.2288,0.2183,0.2074,0.1791,0.1697,0.162,0.1564
0.1317,0.1573,0.1665,0.1776,0.2068,0.2215,0.2335,0.2443,0.2534,0.2586,0.2609,0.2603,0.2571,0.2513,0.2416,0.2284,0.2161,0.2035,0.1745,0.1466,0.1536,0.1479
0.1239,0.1344,0.1618,0.1744,0.2044,0.2207,0.2361,0.2483,0.2586,0.2646,0.2675,0.267,0.2631,0.2565,0.2457,0.2312,0.2154,0.2011,0.1713,0.1428,0.1304,0.1398
0.1159,0.1265,0.1404,0.1696,0.2002,0.2181,0.2352,0.2506,0.2623,0.2695,0.2733,0.2733,0.2695,0.2623,0.2506,0.2352,0.2181,0.2002,0.1696,0.1404,0.1265,0.1159
0.1564,0.162,0.1697,0.1791,0.2074,0.2183,0.2288,0.2384,0.2467,0.2512,0.2535,0.2535,0.2512,0.2467,0.2384,0.2288,0.2183,0.2074,0.1791,0.1697,0.162,0.1564
0.2049,0.2047,0.2049,0.1848,0.2095,0.2113,0.2134,0.2155,0.2199,0.2215,0.2228,0.2237,0.2242,0.2237,0.2228,0.2215,0.2199,0.2155,0.2134,0.2113,0.2095,0.1848
0.1564,0.162,0.1697,0.1791,0.2074,0.2183,0.2288,0.2384,0.2467,0.2512,0.2535,0.2535,0.2512,0.2467,0.2384,0.2288,0.2183,0.2074,0.1791,0.1697,0.162,0.1564
0.0747,0.0888,0.1136,0.1442,0.1766,0.2019,0.2231,0.2753,0.2916,0.3026,0.2802,0.2802,0.3026,0.2916,0.2753,0.2231,0.2019,0.1766,0.1442,0.1136,0.0888,0.0747
0.1159,0.1265,0.1404,0.1696,0.2002,0.2181,0.2352,0.2506,0.2623,0.2695,0.2733,0.2733,0.2695,0.2623,0.2506,0.2352,0.2181,0.2002,0.1696,0.1404,0.1265,0.1159
0.1159,0.1265,0.1404,0.1696,0.2002,0.2181,0.2352,0.2506,0.2623,0.2695,0.2733,0.2733,0.2695,0.2623,0.2506,0.2352,0.2181,0.2002,0.1696,0.1404,0.1265,0.1159
0.1564,0.162,0.1697,0.1791,0.2074,0.2183,0.2288,0.2384,0.2467,0.2512,0.2535,0.2535,0.2512,0.2467,0.2384,0.2288,0.2183,0.2074,0.1791,0.1697,0.162,0.1564
0.1159,0.1265,0.1404,0.1696,0.2002,0.2181,0.2352,0.2506,0.2623,0.2695,0.2733,0.2733,0.2695,0.2623,0.2506,0.2352,0.2181,0.2002,0.1696,0.1404,0.1265,0.1159
0.1564,0.162,0.1697,0.1791,0.2074,0.2183,0.2288,0.2384,0.2467,0.2512,0.2535,0.2535,0.2512,0.2467,0.2384,0.2288,0.2183,0.2074,0.1791,0.1697,0.162,0.1564
0.1071,0.1179,0.132,0.1603,0.1938,0.2125,0.2305,0.2468,0.2929,0.2708,0.2747,0.2747,0.2708,0.2929,0.2468,0.2305,0.2125,0.1938,0.1603,0.132,0.1179,0.1071
0.1564,0.162,0.1697,0.1791,0.2074,0.2183,0.2288,0.2384,0.2467,0.2512,0.2535,0.2535,0.2512,0.2467,0.2384,0.2288,0.2183,0.2074,0.1791,0.1697,0.162,0.1564
0.1564,0.162,0.1697,0.1791,0.2074,0.2183,0.2288,0.2384,0.2467,0.2512,0.2535,0.2535,0.2512,0.2467,0.2384,0.2288,0.2183,0.2074,0.1791,0.1697,0.162,0.1564
0.0823,0.0949,0.1207,0.1486,0.1783,0.1998,0.2243,0.2428,0.2579,0.2687,0.3077,0.2819,0.2794,0.2727,0.2612,0.2771,0.2215,0.1997,0.1683,0.1383,0.1064,0.0904
0.1564,0.162,0.1697,0.1791,0.2074,0.2183,0.2288,0.2384,0.2467,0.2512,0.2535,0.2535,0.2512,0.2467,0.2384,0.2288,0.2183,0.2074,0.1791,0.1697,0.162,0.1564
0.1564,0.162,0.1697,0.1791,0.2074,0.2183,0.2288,0.2384,0.2467,0.2512,0.2535,0.2535,0.2512,0.2467,0.2384,0.2288,0.2183,0.2074,0.1791,0.1697,0.162,0.1564
0.092,0.1067,0.1345,0.1644,0.1958,0.2175,0.2379,0.2551,0.2682,0.2767,0.2811,0.2811,0.2767,0.2682,0.2551,0.2379,0.2175,0.1958,0.1644,0.1345,0.1067,0.092
0.1564,0.162,0.1697,0.1791,0.2074,0.2183,0.2288,0.2384,0.2467,0.2512,0.2535,0.2535,0.2512,0.2467,0.2384,0.2288,0.2183,0.2074,0.1791,0.1697,0.162,0.1564
0.1159,0.1265,0.1404,0.1696,0.2002,0.2181,0.2352,0.2506,0.2623,0.2695,0.2733,0.2733,0.2695,0.2623,0.2506,0.2352,0.2181,0.2002,0.1696,0.1404,0.1265,0.1159
0.1159,0.1265,0.1404,0.1696,0.2002,0.2181,0.2352,0.2506,0.2623,0.2695,0.2733,0.2733,0.2695,0.2623,0.2506,0.2352,0.2181,0.2002,0.1696,0.1404,0.1265,0.1159
0.1159,0.1265,0.1404,0.1696,0.2002,0.2181,0.2352,0.2506,0.2623,0.2695,0.2733,0.2733,0.2695,0.2623,0.2506,0.2352,0.2181,0.2002,0.1696,0.1404,0.1265,0.1159
0.1479,0.1536,0.1466,0.1745,0.2035,0.2161,0.2284,0.2416,0.2513,0.2571,0.2603,0.2609,0.2586,0.2534,0.2443,0.2335,0.2215,0.2068,0.1776,0.1665,0.1573,0.1317
0.1564,0.162,0.1697,0.1791,0.2074,0.2183,0.2288,0.2384,0.2467,0.2512,0.2535,0.2535,0.2512,0.2467,0.2384,0.2288,0.2183,0.2074,0.1791,0.1697,0.162,0.1564
0.1564,0.162,0.1697,0.1791,0.2074,0.2183,0.2288,0.2384,0.2467,0.2512,0.2535,0.2535,0.2512,0.2467,0.2384,0.2288,0.2183,0.2074,0.1791,0.1697,0.162,0.1564
0.1239,0.1344,0.1618,0.1744,0.2044,0.2207,0.2361,0.2483,0.2586,0.2646,0.2675,0.267,0.2631,0.2565,0.2457,0.2312,0.2154,0.2011,0.1713,0.1428,0.1304,0.1398
0.0817,0.0957,0.1228,0.1517,0.212,0.2338,0.2538,0.2704,0.2828,0.2828,0.2855,0.2839,0.2782,0.2675,0.2374,0.2194,0.1999,0.1702,0.1417,0.1417,0.1164,0.1017
0.1564,0.162,0.1697,0.1791,0.2074,0.2183,0.2288,0.2384,0.2467,0.2512,0.2535,0.2535,0.2512,0.2467,0.2384,0.2288,0.2183,0.2074,0.1791,0.1697,0.162,0.1564
0.1159,0.1265,0.1404,0.1696,0.2002,0.2181,0.2352,0.2506,0.2623,0.2695,0.2733,0.2733,0.2695,0.2623,0.2506,0.2352,0.2181,0.2002,0.1696,0.1404,0.1265,0.1159
0.1401,0.1477,0.1479,0.1761,0.2054,0.2193,0.2653,0.2485,0.2574,0.2621,0.2639,0.2893,0.2543,0.2468,0.2355,0.2228,0.2063,0.191,0.163,0.1521,0.1436,0.1202
0.1762,0.1814,0.2071,0.2111,0.2153,0.2219,0.2279,0.2308,0.233,0.2345,0.2345,0.233,0.2308,0.2279,0.2219,0.2153,0.2111,0.2071,0.1814,0.1762,0.1958,0.1958
0.1398,0.1304,0.1428,0.1713,0.2011,0.2154,0.2312,0.2457,0.2565,0.2631,0.267,0.2675,0.2646,0.2586,0.2483,0.2361,0.2207,0.2044,0.1744,0.1618,0.1344,0.1239
0.1564,0.162,0.1697,0.1791,0.2074,0.2183,0.2288,0.2384,0.2467,0.2512,0.2535,0.2535,0.2512,0.2467,0.2384,0.2288,0.2183,0.2074,0.1791,0.1697,0.162,0.1564
0.1863,0.1666,0.1722,0.1794,0.2064,0.2126,0.2213,0.2296,0.2369,0.2408,0.2436,0.2446,0.2436,0.2408,0.2369,0.2296,0.2213,0.2126,0.2064,0.1794,0.1722,0.1666
0.1285,0.1385,0.1257,0.1502,0.1763,0.2034,0.2201,0.2223,0.2371,0.2463,0.2808,0.2841,0.2851,0.259,0.2508,0.2666,0.2499,0.2315,0.1716,0.144,0.1288,0.1166
0.1762,0.1814,0.2071,0.2111,0.2153,0.2219,0.2279,0.2308,0.233,0.2345,0.2345,0.233,0.2308,0.2279,0.2219,0.2153,0.2111,0.2071,0.1814,0.1762,0.1958,0.1958
0.1564,0.162,0.1697,0.1791,0.2074,0.2183,0.2288,0.2384,0.2467,0.2512,0.2535,0.2535,0.2512,0.2467,0.2384,0.2288,0.2183,0.2074,0.1791,0.1697,0.162,0.1564
0.1564,0.162,0.1697,0.1791,0.2074,0.2183,0.2288,0.2384,0.2467,0.2512,0.2535,0.2535,0.2512,0.2467,0.2384,0.2288,0.2183,0.2074,0.1791,0.1697,0.162,0.1564
0.1159,0.1265,0.1404,0.1696,0.2002,0.2181,0.2352,0.2506,0.2623,0.2695,0.2733,0.2733,0.2695,0.2623,0.2506,0.2352,0.2181,0.2002,0.1696,0.1404,0.1265,0.1159
0.1564,0.162,0.1697,0.1791,0.2074,0.2183,0.2288,0.2384,0.2467,0.2512,0.2535,0.2535,0.2512,0.2467,0.2384,0.2288,0.2183,0.2074,0.1791,0.1697,0.162,0.1564
0.1564,0.162,0.1697,0.1791,0.2074,0.2183,0.2288,0.2384,0.2467,0.2512,0.2535,0.2535,0.2512,0.2467,0.2384,0.2288,0.2183,0.2074,0.1791,0.1697,0.162,0.1564
0.1482,0.1383,0.1651,0.176,0.2051,0.2178,0.2319,0.2429,0.2524,0.2578,0.2608,0.2608,0.2578,0.2524,0.2429,0.2319,0.2178,0.2051,0.176,0.1651,0.1383,0.1482
0.1564,0.162,0.1697,0.1791,0.2074,0.2183,0.2288,0.2384,0.2467,0.2512,0.2535,0.2535,0.2512,0.2467,0.2384,0.2288,0.2183,0.2074,0.1791,0.1697,0.162,0.1564
0.092,0.1067,0.1345,0.1644,0.1958,0.2175,0.2379,0.2551,0.2682,0.2767,0.2811,0.2811,0.2767,0.2682,0.2551,0.2379,0.2175,0.1958,0.1644,0.1345,0.1067,0.092
0.105,0.1187,0.1187,0.1436,0.1703,0.1981,0.2184,0.2244,0.241,0.2516,0.2883,0.2921,0.2928,0.2661,0.257,0.2726,0.2529,0.231,0.1691,0.1406,0.1105,0.0941
0.108,0.1187,0.1336,0.1648,0.194,0.2118,0.2617,0.2791,0.2607,0.2669,0.2696,0.2944,0.2892,0.2493,0.2367,0.2209,0.2154,0.183,0.1551,0.1286,0.116,0.1293
0.0736,0.0885,0.1167,0.1471,0.1791,0.2041,0.2581,0.2777,0.2926,0.3021,0.2797,0.3031,0.2956,0.2832,0.2658,0.2136,0.1893,0.1644,0.1334,0.1044,0.081,0.0684
0.1564,0.162,0.1697,0.1791,0.2074,0.2183,0.2288,0.2384,0.2467,0.2512,0.2535,0.2535,0.2512,0.2467,0.2384,0.2288,0.2183,0.2074,0.1791,0.1697,0.162,0.1564
0.1564,0.162,0.1697,0.1791,0.2074,0.2183,0.2288,0.2384,0.2467,0.2512,0.2535,0.2535,0.2512,0.2467,0.2384,0.2288,0.2183,0.2074,0.1791,0.1697,0.162,0.1564
0.1159,0.1265,0.1404,0.1696,0.2002,0.2181,0.2352,0.2506,0.2623,0.2695,0.2733,0.2733,0.2695,0.2623,0.2506,0.2352,0.2181,0.2002,0.1696,0.1404,0.1265,0.1159
0.1159,0.1265,0.1404,0.1696,0.2002,0.2181,0.2352,0.2506,0.2623,0.2695,0.2733,0.2733,0.2695,0.2623,0.2506,0.2352,0.2181,0.2002,0.1696,0.1404,0.1265,0.1159
0.1159,0.1265,0.1404,0.1696,0.2002,0.2181,0.2352,0.2506,0.2623,0.2695,0.2733,0.2733,0.2695,0.2623,0.2506,0.2352,0.2181,0.2002,0.1696,0.1404,0.1265,0.1159
0.1564,0.162,0.1697,0.1791,0.2074,0.2183,0.2288,0.2384,0.2467,0.2512,0.2535,0.2535,0.2512,0.2467,0.2384,0.2288,0.2183,0.2074,0.1791,0.1697,0.162,0.1564
0.1564,0.162,0.1697,0.1791,0.2074,0.2183,0.2288,0.2384,0.2467,0.2512,0.2535,0.2535,0.2512,0.2467,0.2384,0.2288,0.2183,0.2074,0.1791,0.1697,0.162,0.1564
0.1159,0.1265,0.1404,0.1696,0.2002,0.2181,0.2352,0.2506,0.2623,0.2695,0.2733,0.2733,0.2695,0.2623,0.2506,0.2352,0.2181,0.2002,0.1696,0.1404,0.1265,0.1159
0.1863,0.1666,0.1722,0.1794,0.2064,0.2126,0.2213,0.2296,0.2369,0.2408,0.2436,0.2446,0.2436,0.2408,0.2369,0.2296,0.2213,0.2126,0.2064,0.1794,0.1722,0.1666
0.1159,0.1265,0.1404,0.1696,0.2002,0.2181,0.2352,0.2506,0.2623,0.2695,0.2733,0.2733,0.2695,0.2623,0.2506,0.2352,0.2181,0.2002,0.1696,0.1404,0.1265,0.1159
0.1159,0.1265,0.1404,0.1696,0.2002,0.2181,0.2352,0.2506,0.2623,0.2695,0.2733,0.2733,0.2695,0.2623,0.2506,0.2352,0.2181,0.2002,0.1696,0.1404,0.1265,0.1159
0.1053,0.1142,0.127,0.1544,0.1835,0.2015,0.2229,0.2399,0.2534,0.263,0.3006,0.2751,0.273,0.2672,0.2568,0.2732,0.2214,0.2029,0.1723,0.1429,0.1236,0.1114
0.1848,0.2095,0.2113,0.2134,0.2155,0.2199,0.2215,0.2228,0.2237,0.2242,0.2237,0.2228,0.2215,0.2199,0.2155,0.2134,0.2113,0.2095,0.1848,0.2049,0.2047,0.2049
0.1159,0.1265,0.1404,0.1696,0.2002,0.2181,0.2352,0.2506,0.2623,0.2695,0.2733,0.2733,0.2695,0.2623,0.2506,0.2352,0.2181,0.2002,0.1696,0.1404,0.1265,0.1159
0.1159,0.1265,0.1404,0.1696,0.2002,0.2181,0.2352,0.2506,0.2623,0.2695,0.2733,0.2733,0.2695,0.2623,0.2506,0.2352,0.2181,0.2002,0.1696,0.1404,0.1265,0.1159
0.2132,0.2132,0.2132,0.2132,0.2132,0.2132,0.2132,0.2132,0.2132,0.2132,0.2132,0.2132,0.2132,0.2132,0.2132,0.2132,0.2132,0.2132,0.2132,0.2132,0.2132,0.2132
0.1564,0.162,0.1697,0.1791,0.2074,0.2183,0.2288,0.2384,0.2467,0.2512,0.2535,0.2535,0.2512,0.2467,0.2384,0.2288,0.2183,0.2074,0.1791,0.1697,0.162,0.1564
0.1361,0.1215,0.1455,0.1565,0.1836,0.2117,0.2147,0.2307,0.2426,0.2509,0.2849,0.2886,0.2629,0.2583,0.2495,0.2657,0.2485,0.2016,0.1728,0.1449,0.1304,0.1325
0.0902,0.1021,0.1206,0.1506,0.1821,0.2047,0.2562,0.2748,0.2889,0.2978,0.2755,0.2987,0.2916,0.28,0.2635,0.2129,0.1907,0.1683,0.1378,0.1091,0.0957,0.086
0.1398,0.1304,0.1428,0.1713,0.2011,0.2154,0.2312,0.2457,0.2565,0.2631,0.267,0.2675,0.2646,0.2586,0.2483,0.2361,0.2207,0.2044,0.1744,0.1618,0.1344,0.1239
0.1105,0.1233,0.139,0.1692,0.2285,0.2474,0.2646,0.2792,0.2608,0.2861,0.2849,0.2812,0.2738,0.2332,0.2175,0.2133,0.1958,0.1661,0.1408,0.1173,0.1292,0.1195
0.1159,0.1265,0.1404,0.1696,0.2002,0.2181,0.2352,0.2506,0.2623,0.2695,0.2733,0.2733,0.2695,0.2623,0.2506,0.2352,0.2181,0.2002,0.1696,0.1404,0.1265,0.1159
0.2132,0.2132,0.2132,0.2132,0.2132,0.2132,0.2132,0.2132,0.2132,0.2132,0.2132,0.2132,0.2132,0.2132,0.2132,0.2132,0.2132,0.2132,0.2132,0.2132,0.2132,0.2132
0.1564,0.162,0.1697,0.1791,0.2074,0.2183,0.2288,0.2384,0.2467,0.2512,0.2535,0.2535,0.2512,0.2467,0.2384,0.2288,0.2183,0.2074,0.1791,0.1697,0.162,0.1564
0.1649,0.1717,0.1524,0.1445,0.2044,0.215,0.2392,0.2541,0.282,0.2591,0.2582,0.2822,0.278,0.2496,0.2068,0.2145,0.2015,0.1586,0.1539,0.1731,0.1662,0.1436
0.1564,0.162,0.1697,0.1791,0.2074,0.2183,0.2288,0.2384,0.2467,0.2512,0.2535,0.2535,0.2512,0.2467,0.2384,0.2288,0.2183,0.2074,0.1791,0.1697,0.162,0.1564
0.1564,0.162,0.1697,0.1791,0.2074,0.2183,0.2288,0.2384,0.2467,0.2512,0.2535,0.2535,0.2512,0.2467,0.2384,0.2288,0.2183,0.2074,0.1791,0.1697,0.162,0.1564
0.1564,0.162,0.1697,0.1791,0.2074,0.2183,0.2288,0.2384,0.2467,0.2512,0.2535,0.2535,0.2512,0.2467,0.2384,0.2288,0.2183,0.2074,0.1791,0.1697,0.162,0.1564
0.0592,0.0832,0.1096,0.138,0.168,0.2265,0.2488,0.2678,0.2825,0.2924,0.318,0.294,0.2881,0.277,0.2612,0.2414,0.1935,0.1629,0.1335,0.1058,0.0802,0.0802
0.1564,0.162,0.1697,0.1791,0.2074,0.2183,0.2288,0.2384,0.2467,0.2512,0.2535,0.2535,0.2512,0.2467,0.2384,0.2288,0.2183,0.2074,0.1791,0.1697,0.162,0.1564
0.0959,0.1071,0.1071,0.1301,0.155,0.1816,0.202,0.2101,0.2279,0.2427,0.2823,0.2889,0.2923,0.2903,0.2637,0.28,0.2621,0.2414,0.2094,0.1488,0.1181,0.0999
0.1159,0.1265,0.1404,0.1696,0.2002,0.2181,0.2352,0.2506,0.2623,0.2695,0.2733,0.2733,0.2695,0.2623,0.2506,0.2352,0.2181,0.2002,0.1696,0.1404,0.1265,0.1159
0.1564,0.162,0.1697,0.1791,0.2074,0.2183,0.2288,0.2384,0.2467,0.2512,0.2535,0.2535,0.2512,0.2467,0.2384,0.2288,0.2183,0.2074,0.1791,0.1697,0.162,0.1564
0.1564,0.162,0.1697,0.1791,0.2074,0.2183,0.2288,0.2384,0.2467,0.2512,0.2535,0.2535,0.2512,0.2467,0.2384,0.2288,0.2183,0.2074,0.1791,0.1697,0.162,0.1564
0.1011,0.1126,0.1274,0.1589,0.1919,0.2112,0.2296,0.2796,0.294,0.2724,0.2756,0.2748,0.2978,0.2867,0.2397,0.2225,0.2037,0.1813,0.149,0.122,0.1084,0.0981
0.1159,0.1265,0.1404,0.1696,0.2002,0.2181,0.2352,0.2506,0.2623,0.2695,0.2733,0.2733,0.2695,0.2623,0.2506,0.2352,0.2181,0.2002,0.1696,0.1404,0.1265,0.1159
0.2132,0.2132,0.2132,0.2132,0.2132,0.2132,0.2132,0.2132,0.2132,0.2132,0.2132,0.2132,0.2132,0.2132,0.2132,0.2132,0.2132,0.2132,0.2132,0.2132,0.2132,0.2132
0.1564,0.162,0.1697,0.1791,0.2074,0.2183,0.2288,0.2384,0.2467,0.2512,0.2535,0.2535,0.2512,0.2467,0.2384,0.2288,0.2183,0.2074,0.1791,0.1697,0.162,0.1564
0.1564,0.162,0.1697,0.1791,0.2074,0.2183,0.2288,0.2384,0.2467,0.2512,0.2535,0.2535,0.2512,0.2467,0.2384,0.2288,0.2183,0.2074,0.1791,0.1697,0.162,0.1564
0.1564,0.162,0.1697,0.1791,0.2074,0.2183,0.2288,0.2384,0.2467,0.2512,0.2535,0.2535,0.2512,0.2467,0.2384,0.2288,0.2183,0.2074,0.1791,0.1697,0.162,0.1564
0.1159,0.1265,0.1404,0.1696,0.2002,0.2181,0.2352,0.2506,0.2623,0.2695,0.2733,0.2733,0.2695,0.2623,0.2506,0.2352,0.2181,0.2002,0.1696,0.1404,0.1265,0.1159
0.1239,0.1344,0.1618,0.1744,0.2044,0.2207,0.2361,0.2483,0.2586,0.2646,0.2675,0.267,0.2631,0.2565,0.2457,0.2312,0.2154,0.2011,0.1713,0.1428,0.1304,0.1398
0.1564,0.162,0.1697,0.1791,0.2074,0.2183,0.2288,0.2384,0.2467,0.2512,0.2535,0.2535,0.2512,0.2467,0.2384,0.2288,0.2183,0.2074,0.1791,0.1697,0.162,0.1564
0.1398,0.1304,0.1428,0.1713,0.2011,0.2154,0.2312,0.2457,0.2565,0.2631,0.267,0.2675,0.2646,0.2586,0.2483,0.2361,0.2207,0.2044,0.1744,0.1618,0.1344,0.1239
0.1159,0.1265,0.1404,0.1696,0.2002,0.2181,0.2352,0.2506,0.2623,0.2695,0.2733,0.2733,0.2695,0.2623,0.2506,0.2352,0.2181,0.2002,0.1696,0.1404,0.1265,0.1159
0.1159,0.1265,0.1404,0.1696,0.2002,0.2181,0.2352,0.2506,0.2623,0.2695,0.2733,0.2733,0.2695,0.2623,0.2506,0.2352,0.2181,0.2002,0.1696,0.1404,0.1265,0.1159
0.1159,0.1265,0.1404,0.1696,0.2002,0.2181,0.2352,0.2506,0.2623,0.2695,0.2733,0.2733,0.2695,0.2623,0.2506,0.2352,0.2181,0.2002,0.1696,0.1404,0.1265,0.1159
0.1564,0.162,0.1697,0.1791,0.2074,0.2183,0.2288,0.2384,0.2467,0.2512,0.2535,0.2535,0.2512,0.2467,0.2384,0.2288,0.2183,0.2074,0.1791,0.1697,0.162,0.1564
0.1398,0.1304,0.1428,0.1713,0.2011,0.2154,0.2312,0.2457,0.2565,0.2631,0.267,0.2675,0.2646,0.2586,0.2483,0.2361,0.2207,0.2044,0.1744,0.1618,0.1344,0.1239
0.1159,0.1265,0.1404,0.1696,0.2002,0.2181,0.2352,0.2506,0.2623,0.2695,0.2733,0.2733,0.2695,0.2623,0.2506,0.2352,0.2181,0.2002,0.1696,0.1404,0.1265,0.1159
0.1169,0.131,0.1417,0.17,0.1995,0.2496,0.2347,0.2485,0.2587,0.2647,0.2922,0.2625,0.2597,0.2524,0.2411,0.2235,0.2241,0.1945,0.1657,0.1382,0.1261,0.141
0.1161,0.1136,0.14,0.1678,0.2288,0.2478,0.2351,0.2483,0.258,0.2857,0.2862,0.2581,0.2547,0.2469,0.2329,0.2326,0.2173,0.1888,0.1611,0.135,0.148,0.1219
0.1159,0.1265,0.1404,0.1696,0.2002,0.2181,0.2352,0.2506,0.2623,0.2695,0.2733,0.2733,0.2695,0.2623,0.2506,0.2352,0.2181,0.2002,0.1696,0.1404,0.1265,0.1159
0.1159,0.1265,0.1404,0.1696,0.2002,0.2181,0.2352,0.2506,0.2623,0.2695,0.2733,0.2733,0.2695,0.2623,0.2506,0.2352,0.2181,0.2002,0.1696,0.1404,0.1265,0.1159
0.1159,0.1265,0.1404,0.1696,0.2002,0.2181,0.2352,0.2506,0.2623,0.2695,0.2733,0.2733,0.2695,0.2623,0.2506,0.2352,0.2181,0.2002,0.1696,0.1404,0.1265,0.1159
0.1159,0.1265,0.1404,0.1696,0.2002,0.2181,0.2352,0.2506,0.2623,0.2695,0.2733,0.2733,0.2695,0.2623,0.2506,0.2352,0.2181,0.2002,0.1696,0.1404,0.1265,0.1159
0.1159,0.1265,0.1404,0.1696,0.2002,0.2181,0.2352,0.2506,0.2623,0.2695,0.2733,0.2733,0.2695,0.2623,0.2506,0.2352,0.2181,0.2002,0.1696,0.1404,0.1265,0.1159
0.2132,0.2132,0.2132,0.2132,0.2132,0.2132,0.2132,0.2132,0.2132,0.2132,0.2132,0.2132,0.2132,0.2132,0.2132,0.2132,0.2132,0.2132,0.2132,0.2132,0.2132,0.2132
0.1159,0.1265,0.1404,0.1696,0.2002,0.2181,0.2352,0.2506,0.2623,0.2695,0.2733,0.2733,0.2695,0.2623,0.2506,0.2352,0.2181,0.2002,0.1696,0.1404,0.1265,0.1159
0.1479,0.1536,0.1466,0.1745,0.2035,0.2161,0.2284,0.2416,0.2513,0.2571,0.2603,0.2609,0.2586,0.2534,0.2443,0.2335,0.2215,0.2068,0.1776,0.1665,0.1573,0.1317
0.2504,0.2453,0.2144,0.2102,0.2059,0.1991,0.193,0.1904,0.1885,0.1878,0.1885,0.1904,0.193,0.1991,0.2059,0.2102,0.2144,0.2453,0.2504,0.228,0.2284,0.228
0.1564,0.162,0.1697,0.1791,0.2074,0.2183,0.2288,0.2384,0.2467,0.2512,0.2535,0.2535,0.2512,0.2467,0.2384,0.2288,0.2183,0.2074,0.1791,0.1697,0.162,0.1564
0.1564,0.162,0.1697,0.1791,0.2074,0.2183,0.2288,0.2384,0.2467,0.2512,0.2535,0.2535,0.2512,0.2467,0.2384,0.2288,0.2183,0.2074,0.1791,0.1697,0.162,0.1564
0.1564,0.162,0.1697,0.1791,0.2074,0.2183,0.2288,0.2384,0.2467,0.2512,0.2535,0.2535,0.2512,0.2467,0.2384,0.2288,0.2183,0.2074,0.1791,0.1697,0.162,0.1564
0.1564,0.162,0.1697,0.1791,0.2074,0.2183,0.2288,0.2384,0.2467,0.2512,0.2535,0.2535,0.2512,0.2467,0.2384,0.2288,0.2183,0.2074,0.1791,0.1697,0.162,0.1564
0.1159,0.1265,0.1404,0.1696,0.2002,0.2181,0.2352,0.2506,0.2623,0.2695,0.2733,0.2733,0.2695,0.2623,0.2506,0.2352,0.2181,0.2002,0.1696,0.1404,0.1265,0.1159
0.1011,0.1126,0.1274,0.1589,0.1919,0.2112,0.2296,0.2796,0.294,0.2724,0.2756,0.2748,0.2978,0.2867,0.2397,0.2225,0.2037,0.1813,0.149,0.122,0.1084,0.0981
0.1159,0.1265,0.1404,0.1696,0.2002,0.2181,0.2352,0.2506,0.2623,0.2695,0.2733,0.2733,0.2695,0.2623,0.2506,0.2352,0.2181,0.2002,0.1696,0.1404,0.1265,0.1159
0.092,0.1067,0.1345,0.1644,0.1958,0.2175,0.2379,0.2551,0.2682,0.2767,0.2811,0.2811,0.2767,0.2682,0.2551,0.2379,0.2175,0.1958,0.1644,0.1345,0.1067,0.092
0.1564,0.162,0.1697,0.1791,0.2074,0.2183,0.2288,0.2384,0.2467,0.2512,0.2535,0.2535,0.2512,0.2467,0.2384,0.2288,0.2183,0.2074,0.1791,0.1697,0.162,0.1564
0.1564,0.162,0.1697,0.1791,0.2074,0.2183,0.2288,0.2384,0.2467,0.2512,0.2535,0.2535,0.2512,0.2467,0.2384,0.2288,0.2183,0.2074,0.1791,0.1697,0.162,0.1564
0.1564,0.162,0.1697,0.1791,0.2074,0.2183,0.2288,0.2384,0.2467,0.2512,0.2535,0.2535,0.2512,0.2467,0.2384,0.2288,0.2183,0.2074,0.1791,0.1697,0.162,0.1564
